"Guarea_guidonia"	"Clusia_rosea"	"Ocotea_coriacea"	"Roystonea_borinquena"	"Cupania_americana"	"Cecropia_schreberiana"	"Clusia_gundlachi"	"Hyeronima_clusioides"	"Ficus_sp1_M_SD_005"	"Margravia_rectiflora"	"Persea_americana"	"Phoradendron_sp1_M_SD_005"	"Alchornea_latifolia"	"Anthurium_scandens"	"Ardisia_obovata"	"Bursera_simaruba"	"Chrysophyllum_argenteum"	"Comocladia_glabra"	"Dendropemon_bicolor"	"Guapira_fragrans"	"Petitia_dominguensis"	"Syzigium_malaccensis"	"Unidentified_sp1_M_SD_005"	"Unidentified_sp2_M_SD_005"	"Zanthoxylum_martinicensis"	"Loxigilla_portoricensis"	"Margarops_fuscatus"	"Columba_squamosa"	"Turdus_plumbeus"	"Vireo_altiloquous"	"Spindalis_portoricensis"	"Euphonia_musica"	"Tyrannus_caudifasciatus"	"Tyrannus_dominicensis"	"Molothrus_bonariensis"	"Myarchus_antillarum"	"Coereba_flaveola"	"Vireo_latimeri"
"Guarea_guidonia"	1.14439206390308	0.0401702578881997	0.033553801706746	0.00791582606259876	0.0362465996523128	0.00718814648264622	0.0117417184116157	0.00035069960325062	0.0078370018091913	0.00603729506963171	0.00374079576800662	0	0.00421310590893488	0	0.000116899867750207	0.00421310590893488	0.00362389590025641	0.00421310590893488	0	0.00362389590025641	0.000280820702168014	0.00362389590025641	0.00421310590893488	0.0024133991693753	0.00362389590025641	0.244360142718223	0.210185962214872	0.0101095452780485	0.0820555717587603	0.0231058978524294	0.00116899867750207	0	0.0673171802295926	0.00525747008480913	0.00251064111801248	0.0180846156164044	0.00125532055900624	0.00125532055900624
"Clusia_rosea"	0.0853617980124244	1.17396813923388	0.0163546885410135	0.0019261224359815	0.0161679566249842	0.00293327189883998	0.00717998650772932	0.000227053681856994	0.00471880222442879	0.00267698662456586	0.00242190593980793	0	0.00237258084523985	0	7.56845606189979e-05	0.00237258084523985	0.00234622137918894	0.00237258084523985	0	0.00234622137918894	0.000114962904111605	0.00234622137918894	0.00237258084523985	0.000330765245376921	0.00234622137918894	0.137609689023911	0.136080839992958	0.0041386645480178	0.0112460183428153	0.1846878423143	0.000756845606189979	0	0.00502128223602496	0.00243764228814958	0.0733730087021174	0.0379418249100649	0.0366865043510587	0.0366865043510587
"Ocotea_coriacea"	0.0760552838686243	0.0174450011104144	1.07486633021952	0.051222779601961	0.0415037724066824	0.0129536534664924	0.012779573901461	0.000408977286288316	0.00477900572403937	0.00907790588752688	0.00436242438707537	0	0.000552907099060105	0	0.000136325762096105	0.000552907099060105	0.00422609862497926	0.000552907099060105	0	0.00422609862497926	0.00377446955244234	0.00422609862497926	0.000552907099060105	0.00485180726254762	0.00422609862497926	0.0320686117454861	0.245113720248797	0.135880903887924	0.164961446926619	0.00384424148039378	0.00136325762096105	0	0.00447384022756613	0.0751164030485252	0.0010903125694009	0.00166361634159198	0.00054515628470045	0.00054515628470045
"Roystonea_borinquena"	0.0207029297021814	0.00237061222890031	0.0591032072330319	1.16380917491738	0.0154888289863482	0.0320510337768214	0.0152947945937092	3.51597874961649e-05	0.000615540641287466	0.00353025644719858	0.000375037733292426	0	0.000252222837160429	0	1.17199291653883e-05	0.000252222837160429	0.000363317804127038	0.000252222837160429	0	0.000363317804127038	0.0143159361482947	0.000363317804127038	0.000252222837160429	0.00316693864307154	0.000363317804127038	0.0146289245553049	0.0210724326393682	0.515373701338609	0.107675913864432	0.000674863009327164	0.000117199291653883	0	0.00121781939424596	0.00523094956439781	0.000148163264306269	0.000378536480714626	7.40816321531347e-05	7.40816321531347e-05
"Cupania_americana"	0.102698699014886	0.0215572754999789	0.051879715508353	0.0167795647352105	1.07849123263314	0.0120655141607523	0.00693961678330791	5.87447944336486e-05	0.00587707037300491	0.00649146913706549	0.000626611140625585	0	0.00527004083052388	0	1.95815981445495e-05	0.00527004083052388	0.000607029542481035	0.00527004083052388	0	0.000607029542481035	0.000455516867821965	0.000607029542481035	0.00527004083052388	0.00588443959458446	0.000607029542481035	0.305662368170385	0.0352077134639	0.0163986072415907	0.200070946215872	0.00487859928238474	0.000195815981445495	0	0.00604109994205213	0.0933329170866522	0.00134732971874868	0.00218393984488737	0.000673664859374341	0.000673664859374341
"Cecropia_schreberiana"	0.0610992451024928	0.0117330875953599	0.0485762004993465	0.104165859774669	0.0361965424822568	1.02457258295574	0.0122818431470685	4.4836429093415e-05	0.0031817399255337	0.00504387565633451	0.000478255243663093	0	0.00271843015823507	0	1.49454763644717e-05	0.00271843015823507	0.000463309767298621	0.00271843015823507	0	0.000463309767298621	0.00863679345423615	0.000463309767298621	0.00271843015823507	0.00458056588903589	0.000463309767298621	0.157668949177634	0.02687196650332	0.310924564352502	0.15573924022722	0.00273181324710577	0.000149454763644717	0	0.00359407324132311	0.00625479190681117	0.000733317974709995	0.00126517729768578	0.000366658987354998	0.000366658987354998
"Clusia_gundlachi"	0.0998046064987336	0.0287199460309173	0.0479234021304786	0.0497080824295549	0.0208188503499237	0.0122818431470685	1.01748229935806	0.000496931012055561	0.00795077004608754	0.00580782964200209	0.00530059746192598	0	0.00281581625484674	0	0.000165643670685187	0.00281581625484674	0.00513495379124079	0.00281581625484674	0	0.00513495379124079	0.00439657552073021	0.00513495379124079	0.00281581625484674	0.000672875850761304	0.00513495379124079	0.163317342781111	0.297827319891966	0.158276718746288	0.0228777789258843	0.00595520636878279	0.00165643670685187	0	0.00587085920580786	0.00492979767119222	0.00179499662693233	0.00236521311491813	0.000897498313466166	0.000897498313466166
"Hyeronima_clusioides"	0.00397459550350703	0.00121095296990397	0.00204488643144158	0.000152359079150048	0.000234979177734594	5.97819054578866e-05	0.000662574682740747	1.19357899131832	0.000336001044215356	0.000335608074601948	0.0648425740620414	0	1.97574216128064e-05	0	0.0645263304394388	1.97574216128064e-05	0.00031624362260255	1.97574216128064e-05	0	0.00031624362260255	1.03300159228411e-05	0.00031624362260255	1.97574216128064e-05	1.9364451999398e-05	0.00031624362260255	0.00114593045354277	0.0183421301109479	0.000371880573222279	0.000658391367979533	0.000247661335422598	0.645263304394388	0	0.000233799735500414	0.000155907360240655	7.56845606189979e-05	9.62922141846024e-05	3.7842280309499e-05	3.7842280309499e-05
"Ficus_sp1_M_SD_005"	0.133229030756252	0.0377504177954303	0.0358425429302953	0.00400101416836853	0.0352624222380295	0.00636347985106739	0.0159015400921751	0.000504001566323035	1.0104440716947	0.00583653610276952	0.0053760167074457	0	0.00523605550936216	0	0.000168000522107678	0.00523605550936216	0.00520801618533802	0.00523605550936216	0	0.00520801618533802	0.000249452212136867	0.00520801618533802	0.00523605550936216	0.000628519917431496	0.00520801618533802	0.303691219543005	0.302064938749605	0.00898027963692722	0.0213696771926709	0.0078577532328338	0.00168000522107678	0	0.00783700180919129	0.00532803804852214	0.00235940111221439	0.00313895100840502	0.0011797005561072	0.0011797005561072
"Margravia_rectiflora"	0.102634016183739	0.0214158929965268	0.0680842941564516	0.0229466669067908	0.0389488148223929	0.010087751312669	0.0116156592840042	0.000503412111902922	0.00583653610276952	1.01350066947275	0.00536972919363117	0	0.000634610946439325	0	0.000167804037300974	0.000634610946439325	0.00520192515633019	0.000634610946439325	0	0.00520192515633019	0.000577198024904479	0.00520192515633019	0.000634610946439325	0.00829874431642074	0.00520192515633019	0.0368074348934809	0.301711659067151	0.0207791288965613	0.282157306758305	0.00485555704811525	0.00167804037300974	0	0.00603729506963171	0.00778468751229619	0.00133849331228293	0.00217857042354939	0.000669246656141464	0.000669246656141464
"Persea_americana"	0.0635935280561125	0.0193752475184635	0.0327181829030653	0.00243774526640077	0.00375966684375351	0.000956510487326185	0.010601194923852	0.097263861093062	0.0053760167074457	0.00536972919363116	1.03748118499266	0	0.000316118745804902	0	0.0324212870310207	0.000316118745804902	0.0050598979616408	0.000316118745804902	0	0.0050598979616408	0.000165280254765457	0.0050598979616408	0.000316118745804902	0.000309831231990369	0.0050598979616408	0.0183348872566843	0.293474081775166	0.00595008917155647	0.0105342618876725	0.00396258136676157	0.324212870310207	0	0.00374079576800662	0.00249451776385048	0.00121095296990397	0.00154067542695364	0.000605476484951983	0.000605476484951983
"Phoradendron_sp1_M_SD_005"	0	0	0	0	0	0	0	0	0	0	0	1.16666666666667	0	0.0833333333333333	0	0	0	0	0.0833333333333333	0	0	0	0	0	0	0	0	0	0	0	0	0.666666666666667	0	0	0	0	0	0
"Alchornea_latifolia"	0.143245600903786	0.0379612935238376	0.00829360648590158	0.00327889688308558	0.0632404899662865	0.0108737206329403	0.011263265019387	5.92722648384192e-05	0.0104721110187243	0.00126922189287865	0.000632237491609805	0	1.00985963094873	0	1.97574216128064e-05	0.00985963094872732	0.000612480069996998	0.00985963094872732	0	0.000612480069996998	0.000178673930665661	0.000612480069996998	0.00985963094872732	0.000656741822881653	0.000612480069996998	0.571858595026185	0.0355238440598259	0.00643226150396379	0.0223292219779762	0.00803800506756707	0.000197574216128064	0	0.00842621181786977	0.00582294792958399	0.00237258084523985	0.00329284337708737	0.00118629042261992	0.00118629042261992
"Anthurium_scandens"	0	0	0	0	0	0	0	0	0	0	0	0.166666666666667	0	1.08333333333333	0	0	0	0	0.0833333333333333	0	0	0	0	0	0	0	0	0	0	0	0	0.666666666666667	0	0	0	0	0	0
"Ardisia_obovata"	0.00397459550350703	0.00121095296990397	0.00204488643144158	0.000152359079150048	0.000234979177734594	5.97819054578866e-05	0.000662574682740747	0.193578991318316	0.000336001044215356	0.000335608074601948	0.0648425740620414	0	1.97574216128064e-05	0	1.06452633043944	1.97574216128064e-05	0.00031624362260255	1.97574216128064e-05	0	0.00031624362260255	1.03300159228411e-05	0.00031624362260255	1.97574216128064e-05	1.9364451999398e-05	0.00031624362260255	0.00114593045354277	0.0183421301109479	0.000371880573222279	0.000658391367979533	0.000247661335422598	0.645263304394388	0	0.000233799735500414	0.000155907360240655	7.56845606189979e-05	9.62922141846024e-05	3.7842280309499e-05	3.7842280309499e-05
"Bursera_simaruba"	0.143245600903786	0.0379612935238376	0.00829360648590158	0.00327889688308558	0.0632404899662865	0.0108737206329403	0.011263265019387	5.92722648384192e-05	0.0104721110187243	0.00126922189287865	0.000632237491609805	0	0.00985963094872732	0	1.97574216128064e-05	1.00985963094873	0.000612480069996998	0.00985963094872732	0	0.000612480069996998	0.000178673930665661	0.000612480069996998	0.00985963094872732	0.000656741822881653	0.000612480069996998	0.571858595026185	0.0355238440598259	0.00643226150396379	0.0223292219779762	0.00803800506756707	0.000197574216128064	0	0.00842621181786977	0.00582294792958399	0.00237258084523985	0.00329284337708737	0.00118629042261992	0.00118629042261992
"Chrysophyllum_argenteum"	0.123212460608718	0.037539542067023	0.0633914793746889	0.00472313145365149	0.00728435450977242	0.00185323906919448	0.0205398151649632	0.00094873086780765	0.010416032370676	0.0104038503126604	0.0101197959232816	0	0.000612480069996998	0	0.00031624362260255	0.000612480069996998	1.00980355230068	0.000612480069996998	0	0.00980355230067905	0.000320230493608074	0.00980355230067905	0.000612480069996998	0.000600298011981339	0.00980355230067905	0.0355238440598259	0.568606033439385	0.0115282977698907	0.0204101324073655	0.00767750139810054	0.0031624362260255	0	0.00724779180051282	0.0048331281674603	0.00234622137918893	0.00298505863972267	0.00117311068959447	0.00117311068959447
"Comocladia_glabra"	0.143245600903786	0.0379612935238376	0.00829360648590158	0.00327889688308558	0.0632404899662865	0.0108737206329403	0.011263265019387	5.92722648384192e-05	0.0104721110187243	0.00126922189287865	0.000632237491609805	0	0.00985963094872732	0	1.97574216128064e-05	0.00985963094872732	0.000612480069996998	1.00985963094873	0	0.000612480069996998	0.000178673930665661	0.000612480069996998	0.00985963094872732	0.000656741822881653	0.000612480069996998	0.571858595026185	0.0355238440598259	0.00643226150396379	0.0223292219779762	0.00803800506756707	0.000197574216128064	0	0.00842621181786977	0.00582294792958399	0.00237258084523985	0.00329284337708737	0.00118629042261992	0.00118629042261992
"Dendropemon_bicolor"	0	0	0	0	0	0	0	0	0	0	0	0.166666666666667	0	0.0833333333333333	0	0	0	0	1.08333333333333	0	0	0	0	0	0	0	0	0	0	0	0	0.666666666666667	0	0	0	0	0	0
"Guapira_fragrans"	0.123212460608718	0.037539542067023	0.0633914793746889	0.00472313145365149	0.00728435450977242	0.00185323906919448	0.0205398151649632	0.00094873086780765	0.010416032370676	0.0104038503126604	0.0101197959232816	0	0.000612480069996998	0	0.00031624362260255	0.000612480069996998	0.00980355230067905	0.000612480069996998	0	1.00980355230068	0.000320230493608074	0.00980355230067905	0.000612480069996998	0.000600298011981339	0.00980355230067905	0.0355238440598259	0.568606033439385	0.0115282977698907	0.0204101324073655	0.00767750139810054	0.0031624362260255	0	0.00724779180051282	0.0048331281674603	0.00234622137918893	0.00298505863972267	0.00117311068959447	0.00117311068959447
"Petitia_dominguensis"	0.00954790387371249	0.00183940646578569	0.0566170432866351	0.186107169927831	0.00546620241386358	0.0345471738169446	0.0175863020829208	3.09900477685233e-05	0.000498904424273735	0.00115439604980896	0.000330560509530915	0	0.000178673930665661	0	1.03300159228411e-05	0.000178673930665661	0.000320230493608074	0.000178673930665661	0	0.000320230493608074	1.01676716716504	0.000320230493608074	0.000178673930665661	0.000834165556200885	0.000320230493608074	0.0103630879786083	0.0185733686292683	0.603618017941405	0.0283616289108301	0.000427817611363021	0.000103300159228411	0	0.000561641404336029	0.00422998642026431	0.000114962904111605	0.00019789180313981	5.74814520558027e-05	5.74814520558027e-05
"Syzigium_malaccensis"	0.123212460608718	0.037539542067023	0.0633914793746889	0.00472313145365149	0.00728435450977242	0.00185323906919448	0.0205398151649632	0.00094873086780765	0.010416032370676	0.0104038503126604	0.0101197959232816	0	0.000612480069996998	0	0.00031624362260255	0.000612480069996998	0.00980355230067905	0.000612480069996998	0	0.00980355230067905	0.000320230493608074	1.00980355230068	0.000612480069996998	0.000600298011981339	0.00980355230067905	0.0355238440598259	0.568606033439385	0.0115282977698907	0.0204101324073655	0.00767750139810054	0.0031624362260255	0	0.00724779180051282	0.0048331281674603	0.00234622137918893	0.00298505863972267	0.00117311068959447	0.00117311068959447
"Unidentified_sp1_M_SD_005"	0.143245600903786	0.0379612935238376	0.00829360648590158	0.00327889688308558	0.0632404899662865	0.0108737206329403	0.011263265019387	5.92722648384192e-05	0.0104721110187243	0.00126922189287865	0.000632237491609805	0	0.00985963094872732	0	1.97574216128064e-05	0.00985963094872732	0.000612480069996998	0.00985963094872732	0	0.000612480069996998	0.000178673930665661	0.000612480069996998	1.00985963094873	0.000656741822881653	0.000612480069996998	0.571858595026185	0.0355238440598259	0.00643226150396379	0.0223292219779762	0.00803800506756707	0.000197574216128064	0	0.00842621181786977	0.00582294792958399	0.00237258084523985	0.00329284337708737	0.00118629042261992	0.00118629042261992
"Unidentified_sp2_M_SD_005"	0.0820555717587602	0.00529224392603074	0.0727771089382143	0.04117020235993	0.0706132751350134	0.0183222635561436	0.00269150340304522	5.80933559981941e-05	0.00125703983486299	0.0165974886328415	0.000619662463980737	0	0.000656741822881653	0	1.9364451999398e-05	0.000656741822881653	0.000600298011981339	0.000656741822881653	0	0.000600298011981339	0.000834165556200885	0.000600298011981339	0.000656741822881653	1.01599719062086	0.000600298011981339	0.0380910257271359	0.0348172846949177	0.0300299600232319	0.543904481109245	0.00203361269812995	0.00019364451999398	0	0.0048267983387506	0.0107362468571321	0.000330765245376921	0.00137208220737611	0.000165382622688461	0.000165382622688461
"Zanthoxylum_martinicensis"	0.123212460608718	0.037539542067023	0.0633914793746889	0.00472313145365149	0.00728435450977242	0.00185323906919448	0.0205398151649632	0.00094873086780765	0.010416032370676	0.0104038503126604	0.0101197959232816	0	0.000612480069996998	0	0.00031624362260255	0.000612480069996998	0.00980355230067905	0.000612480069996998	0	0.00980355230067905	0.000320230493608074	0.00980355230067905	0.000612480069996998	0.000600298011981339	1.00980355230068	0.0355238440598259	0.568606033439385	0.0115282977698907	0.0204101324073655	0.00767750139810054	0.0031624362260255	0	0.00724779180051282	0.0048331281674603	0.00234622137918893	0.00298505863972267	0.00117311068959447	0.00117311068959447
"Loxigilla_portoricensis"	0.286491201807572	0.0759225870476752	0.0165872129718032	0.00655779376617115	0.126480979932573	0.0217474412658806	0.022526530038774	0.000118544529676838	0.0209442220374486	0.0025384437857573	0.00126447498321961	0	0.0197192618974546	0	3.95148432256128e-05	0.0197192618974546	0.001224960139994	0.0197192618974546	0	0.001224960139994	0.000357347861331322	0.001224960139994	0.0197192618974546	0.00131348364576331	0.001224960139994	1.14371719005237	0.0710476881196518	0.0128645230079276	0.0446584439559524	0.0160760101351341	0.000395148432256128	0	0.0168524236357395	0.011645895859168	0.0047451616904797	0.00658568675417474	0.00237258084523985	0.00237258084523985
"Margarops_fuscatus"	0.246424921217436	0.0750790841340459	0.126782958749378	0.00944626290730298	0.0145687090195448	0.00370647813838897	0.0410796303299263	0.0018974617356153	0.0208320647413521	0.0208077006253208	0.0202395918465632	0	0.001224960139994	0	0.0006324872452051	0.001224960139994	0.0196071046013581	0.001224960139994	0	0.0196071046013581	0.000640460987216147	0.0196071046013581	0.001224960139994	0.00120059602396268	0.0196071046013581	0.0710476881196518	1.13721206687877	0.0230565955397813	0.0408202648147311	0.0153550027962011	0.006324872452051	0	0.0144955836010256	0.0096662563349206	0.00469244275837787	0.00597011727944535	0.00234622137918893	0.00234622137918893
"Columba_squamosa"	0.019095807747425	0.00367881293157137	0.11323408657327	0.372214339855662	0.0109324048277272	0.0690943476338892	0.0351726041658417	6.19800955370465e-05	0.000997808848547469	0.00230879209961792	0.000661121019061829	0	0.000357347861331322	0	2.06600318456822e-05	0.000357347861331322	0.000640460987216147	0.000357347861331322	0	0.000640460987216147	0.033534334330078	0.000640460987216147	0.000357347861331322	0.00166833111240177	0.000640460987216147	0.0207261759572167	0.0371467372585365	1.20723603588281	0.0567232578216602	0.000855635222726041	0.000206600318456822	0	0.00112328280867206	0.00845997284052862	0.000229925808223211	0.00039578360627962	0.000114962904111605	0.000114962904111605
"Turdus_plumbeus"	0.16411114351752	0.0105844878520615	0.145554217876429	0.08234040471986	0.141226550270027	0.0366445271122871	0.00538300680609043	0.000116186711996388	0.00251407966972598	0.033194977265683	0.00123932492796147	0	0.00131348364576331	0	3.87289039987961e-05	0.00131348364576331	0.00120059602396268	0.00131348364576331	0	0.00120059602396268	0.00166833111240177	0.00120059602396268	0.00131348364576331	0.0319943812417203	0.00120059602396268	0.0761820514542717	0.0696345693898353	0.0600599200464637	1.08780896221849	0.00406722539625991	0.000387289039987961	0	0.00965359667750121	0.0214724937142642	0.000661530490753842	0.00274416441475222	0.000330765245376921	0.000330765245376921
"Vireo_altiloquous"	0.130933421163766	0.492500912838133	0.00961060370098446	0.00146220318687552	0.00975719856476948	0.00182120883140384	0.00397013757918853	0.000123830667711299	0.00261925107761127	0.00161851901603842	0.00132086045558719	0	0.00133966751126118	0	4.12768892370997e-05	0.00133966751126118	0.00127958356635009	0.00133966751126118	0	0.00127958356635009	7.13029352271701e-05	0.00127958356635009	0.00133966751126118	0.000338935449688326	0.00127958356635009	0.0777007156531483	0.0742158468483052	0.00256690566817813	0.0115238052894031	1.07887875911866	0.000412768892370997	0	0.00770196595080979	0.00145380679379642	0.0307813070523833	0.0173161450138941	0.0153906535261916	0.0153906535261916
"Spindalis_portoricensis"	0.00794919100701406	0.00242190593980793	0.00408977286288316	0.000304718158300096	0.000469958355469188	0.000119563810915773	0.00132514936548149	0.387157982636633	0.000672002088430713	0.000671216149203896	0.129685148124083	0	3.95148432256128e-05	0	0.129052660878878	3.95148432256128e-05	0.0006324872452051	3.95148432256128e-05	0	0.0006324872452051	2.06600318456822e-05	0.0006324872452051	3.95148432256128e-05	3.87289039987961e-05	0.0006324872452051	0.00229186090708554	0.0366842602218958	0.000743761146444558	0.00131678273595907	0.000495322670845197	1.29052660878878	0	0.000467599471000827	0.00031181472048131	0.000151369121237996	0.000192584428369205	7.56845606189979e-05	7.56845606189979e-05
"Euphonia_musica"	0	0	0	0	0	0	0	0	0	0	0	0.333333333333333	0	0.166666666666667	0	0	0	0	0.166666666666667	0	0	0	0	0	0	0	0	0	0	0	0	1.33333333333333	0	0	0	0	0	0
"Tyrannus_caudifasciatus"	0.572196031951537	0.0200851289440999	0.016776900853373	0.00395791303129938	0.0181232998261564	0.00359407324132311	0.00587085920580786	0.00017534980162531	0.00391850090459565	0.00301864753481586	0.00187039788400331	0	0.00210655295446744	0	5.84499338751034e-05	0.00210655295446744	0.00181194795012821	0.00210655295446744	0	0.00181194795012821	0.000140410351084007	0.00181194795012821	0.00210655295446744	0.00120669958468765	0.00181194795012821	0.122180071359112	0.105092981107436	0.00505477263902426	0.0410277858793801	0.0115529489262147	0.000584499338751034	0	1.0336585901148	0.00262873504240457	0.00125532055900624	0.0090423078082022	0.000627660279503121	0.000627660279503121
"Tyrannus_dominicensis"	0.0446884957208776	0.00975056915259833	0.281686511431969	0.0170005860842929	0.279998751259957	0.00625479190681117	0.00492979767119222	0.000116930520180491	0.00266401902426107	0.00389234375614809	0.00124725888192524	0	0.001455736982396	0	3.89768400601637e-05	0.001455736982396	0.00120828204186507	0.001455736982396	0	0.00120828204186507	0.00105749660506608	0.00120828204186507	0.001455736982396	0.00268406171428302	0.00120828204186507	0.0844327449789678	0.0700803584281743	0.0380698777823788	0.0912580982856226	0.00218071019069463	0.000389768400601637	0	0.00262873504240457	1.04211233003379	0.000609410572037396	0.00096188904661984	0.000304705286018698	0.000304705286018698
"Molothrus_bonariensis"	0.0426808990062122	0.586984069616939	0.00817734427050675	0.000963061217990751	0.00808397831249209	0.00146663594941999	0.00358999325386466	0.000113526840928497	0.00235940111221439	0.00133849331228293	0.00121095296990397	0	0.00118629042261992	0	3.7842280309499e-05	0.00118629042261992	0.00117311068959447	0.00118629042261992	0	0.00117311068959447	5.74814520558027e-05	0.00117311068959447	0.00118629042261992	0.000165382622688461	0.00117311068959447	0.0688048445119556	0.0680404199964791	0.0020693322740089	0.00562300917140766	0.0923439211571499	0.00037842280309499	0	0.00251064111801248	0.00121882114407479	1.03668650435106	0.0189709124550325	0.0183432521755293	0.0183432521755293
"Myarchus_antillarum"	0.307438465478875	0.303534599280519	0.0124771225619399	0.00246048712464507	0.0131036390693242	0.00253035459537155	0.00473042622983626	0.000144438321276904	0.00313895100840502	0.00217857042354939	0.00154067542695364	0	0.00164642168854368	0	4.81461070923012e-05	0.00164642168854368	0.00149252931986134	0.00164642168854368	0	0.00149252931986134	9.8945901569905e-05	0.00149252931986134	0.00164642168854368	0.000686041103688056	0.00149252931986134	0.0954924579355337	0.0865667005519575	0.00356205245651658	0.0233253975253939	0.0519484350416823	0.000481461070923012	0	0.0180846156164044	0.00192377809323968	0.0189709124550325	1.01400661013162	0.00948545622751623	0.00948545622751623
"Coereba_flaveola"	0.0426808990062122	0.586984069616939	0.00817734427050676	0.000963061217990751	0.00808397831249209	0.00146663594941999	0.00358999325386466	0.000113526840928497	0.00235940111221439	0.00133849331228293	0.00121095296990397	0	0.00118629042261992	0	3.7842280309499e-05	0.00118629042261992	0.00117311068959447	0.00118629042261992	0	0.00117311068959447	5.74814520558027e-05	0.00117311068959447	0.00118629042261992	0.000165382622688461	0.00117311068959447	0.0688048445119556	0.0680404199964791	0.0020693322740089	0.00562300917140766	0.0923439211571498	0.00037842280309499	0	0.00251064111801248	0.00121882114407479	0.0366865043510587	0.0189709124550325	1.01834325217553	0.0183432521755293
"Vireo_latimeri"	0.0426808990062122	0.586984069616939	0.00817734427050676	0.000963061217990751	0.00808397831249209	0.00146663594941999	0.00358999325386466	0.000113526840928497	0.00235940111221439	0.00133849331228293	0.00121095296990397	0	0.00118629042261992	0	3.7842280309499e-05	0.00118629042261992	0.00117311068959447	0.00118629042261992	0	0.00117311068959447	5.74814520558027e-05	0.00117311068959447	0.00118629042261992	0.000165382622688461	0.00117311068959447	0.0688048445119556	0.0680404199964791	0.0020693322740089	0.00562300917140766	0.0923439211571499	0.00037842280309499	0	0.00251064111801248	0.00121882114407479	0.0366865043510587	0.0189709124550325	0.0183432521755293	1.01834325217553
