"Ictalurus_punctatus"	"Rhinichthys_osculus"	"Gila_cypha"	"Pimephales_promelas"	"Fundulus_zebrinus"	"Catostomus_discobolus"	"Oncorhynchus_mykiss"	"Cyprinella_lutrensis"	"Catostomus_latipinnis"	"Cyprinus_carpio"	"Ameiurus_natalis"	"Bothriocephalus_acheilognathi"	"Ornithodiplostomum_sp."	"Lernaea_cyprinacea"	"Contracaecum_sp."	"Rhabdochona_sp."	"Unidenti?ed_metacercaria"	"Corallobothriinae"	"Posthodiplostomum_sp."	"Eustrongylides_sp."	"Oribatida_gen._sp."	"Henneguya_exilis"	"Ligictaluridus_?oridanus"	"Dactylogyrus_extensus"	"Gyrodactylus_hoffmani"	"Corallobothrium_?mbriatum"	"Megathylacoides_giganteum"	"Truttaedacnitis_truttae"	"Ergasilus_arthrosis"	"Myzobdella_lugubris"	"Gyrodactylus_sp."
"Ictalurus_punctatus"	1.20958120137113	0.0343577424753706	0.0258214207956751	0.00990543473042324	0.00529469793441359	0.00940240649446024	0.00427223611366389	0.0116100537710877	0.00851570342452329	0.00366858607414633	0.0109038501484405	0.0706202819273168	0.0636682873157431	0.00706203622647196	0.0615506986684997	0.0044149879123467	0.00532021841962171	0.0568253508983788	0.00308256654099398	0.0568897271695416	0.00257060071265562	0.0549809636986877	0.0549809636986877	0.000917146518536582	0.00123817934130291	0.0549809636986877	0.0549809636986877	0.000712039352277315	0.0549809636986877	0.0549809636986877	0.00190876347085392
"Rhinichthys_osculus"	0.0419927963587863	1.11328062032146	0.0433135482791482	0.0121964713714421	0.0399795093564298	0.021706341256263	0.0126667865835695	0.0204080622275688	0.0102795959610989	0.00464680555996599	0.0128627960576004	0.0894510070293454	0.0745636931535437	0.0754526616996844	0.0703747295410411	0.069940186897828	0.0685604717709847	0.00500258834793594	0.00461838379851227	0.0637576868220461	0.066846362020746	0.00190876347085392	0.00190876347085392	0.0011617013899915	0.00152455892143026	0.00190876347085392	0.00190876347085392	0.00211113109726158	0.00190876347085392	0.00190876347085392	0.0618489233511923
"Gila_cypha"	0.0405765183932037	0.0556888477874762	1.09061676463653	0.0355677362289422	0.0296288880159761	0.0270073357517033	0.0150688256225675	0.0149275361715557	0.0127579615889693	0.0055351856633978	0.00595773347300864	0.106552324020408	0.0949760896019551	0.089698026985471	0.00891556814028454	0.0846986333531171	0.0854962449764039	0.0797455846737292	0.0823471645026558	0.00493821207677309	0.00679743587907903	0.00184438719969108	0.00184438719969108	0.00138379641584945	0.00444596702861778	0.00184438719969108	0.00184438719969108	0.00251147093709458	0.00184438719969108	0.00184438719969108	0.00309382487708201
"Pimephales_promelas"	0.0272399455086639	0.0274420605857447	0.0622435384006488	1.12741987767816	0.0104929285600259	0.0222252274769318	0.00934930306417341	0.00937110841340839	0.0206127723886756	0.00860568390345996	0.00833088735344356	0.165659415141604	0.156993587677778	0.0104022105996482	0.00640731150332879	0.00728214202005127	0.00967473052953666	0.00568414636992068	0.145373451738387	0.00276273826273316	0.0028361749914335	0.00123817934130291	0.00123817934130291	0.00215142097586499	0.14092748470977	0.00123817934130291	0.00123817934130291	0.00155821717736223	0.00123817934130291	0.00123817934130291	0.00152455892143026
"Fundulus_zebrinus"	0.0145604193196374	0.0899538960519671	0.0518505540279582	0.0104929285600259	1.08160640238512	0.0103201598080622	0.0246253101617251	0.0240586137800008	0.0085833137570242	0.00842470543114301	0.00885703005066967	0.162175579549503	0.0145403580572887	0.152015837293312	0.0118833023873563	0.143901849969691	0.0104210763062278	0.00436544824379871	0.00501522707200025	0.00565927591135543	0.140198238967694	0.000661837241801698	0.000661837241801699	0.00210617635778575	0.00131161607000323	0.000661837241801699	0.000661837241801698	0.00410421836028751	0.000661837241801698	0.000661837241801698	0.00499743866955373
"Catostomus_discobolus"	0.0344754904796876	0.065119023768789	0.0630171167539744	0.029633636635909	0.0137602130774162	1.05642857338934	0.0117664873446808	0.012016786003573	0.0257301775449716	0.0107493275008222	0.0106365008341683	0.206924554390826	0.195894191781026	0.0138028516940471	0.00984671416759146	0.00983897280267142	0.184190375066218	0.0060682903743606	0.00820542720477251	0.00518479129178721	0.00533775017738753	0.00156706774907671	0.00156706774907671	0.00268733187520554	0.00370420457948863	0.00156706774907671	0.00156706774907671	0.00196108122411347	0.00156706774907671	0.00156706774907671	0.0036177235427105
"Oncorhynchus_mykiss"	0.0156648657501009	0.0380003597507084	0.0351605931193241	0.0124657374188979	0.0328337468823001	0.0117664873446808	1.12344593394779	0.0311733101590776	0.0106692068016026	0.0110961181076877	0.0110569740511655	0.213600273572988	0.0115212414885098	0.201163361079121	0.0107829656555099	0.00872682039464366	0.00658368325846962	0.00322351028937189	0.00406968811445681	0.00282317044953889	0.00621534945754909	0.000712039352277315	0.000712039352277315	0.00277402952692193	0.00155821717736223	0.000712039352277315	0.000712039352277315	0.187240988991298	0.000712039352277315	0.000712039352277315	0.00211113109726158
"Cyprinella_lutrensis"	0.0425701971606549	0.0612241866827064	0.0348309177336301	0.0124948112178778	0.0320781517066678	0.012016786003573	0.0311733101590776	1.05219944151432	0.010701441992387	0.0108907637123189	0.0331533254501155	0.209647201462138	0.0140642849292957	0.190461160642088	0.188991257614692	0.00989903536318756	0.00789206406711626	0.00442293165710724	0.00404977409749402	0.00533635266644275	0.00741111266792828	0.00193500896184795	0.00193500896184795	0.00272269092807972	0.00156185140223473	0.00193500896184795	0.00193500896184795	0.0051955516931796	0.00193500896184795	0.00193500896184795	0.0034013437045948
"Catostomus_latipinnis"	0.0468363688348781	0.046258181824945	0.0446528655613927	0.0412255447773513	0.0171666275140484	0.0385952663174573	0.0160038102024038	0.0160521629885805	1.03656327735516	0.0152518529710588	0.0147273749860534	0.293598169692882	0.278614872065851	0.0132478800252705	0.0110560290910156	0.0079052178267731	0.0121919337737599	0.00531841625337316	0.00834268349441124	0.00469882484640554	0.00471572742953077	0.00212892585613082	0.00212892585613082	0.00381296324276471	0.00515319309716891	0.00212892585613082	0.00212892585613082	0.00266730170040064	0.00212892585613082	0.00212892585613082	0.00256989899027472
"Cyprinus_carpio"	0.0201772234078048	0.020910625019847	0.0193731498218923	0.0172113678069199	0.016849410862286	0.0161239912512332	0.0166441771615316	0.0163361455684783	0.0152518529710588	1.15913408335567	0.0153213061066155	0.313331104596571	0.0121143604182128	0.0101483946186283	0.00863186536326166	0.0046516741636267	0.00523282968104649	0.00230094293438603	0.00353521739171444	0.00207884790852808	0.00326787774777725	0.000917146518536582	0.000917146518536582	0.289783520838917	0.00215142097586499	0.000917146518536582	0.000917146518536582	0.00277402952692192	0.000917146518536582	0.000917146518536582	0.0011617013899915
"Ameiurus_natalis"	0.0599711758164227	0.0578825822592017	0.0208520671555303	0.0166617747068871	0.0177140601013393	0.0159547512512525	0.0165854610767482	0.0497299881751733	0.0147273749860534	0.0153213061066155	1.04793279169811	0.294935142552348	0.0158547857131787	0.0179719647706399	0.276213190838566	0.00691938989531967	0.00736425759119433	0.00421539590536229	0.00357215520661305	0.00594166155151022	0.00542995652706751	0.00272596253711012	0.00272596253711012	0.00383032652665387	0.00208272183836089	0.00272596253711013	0.00272596253711012	0.00276424351279137	0.00272596253711012	0.00272596253711012	0.0032156990144001
"Bothriocephalus_acheilognathi"	0.0706202819273168	0.0731871875694644	0.0678060243766231	0.0602397873242197	0.0589729380180011	0.0564339693793163	0.0582546200653605	0.057176509489674	0.0533814853987059	0.056969291744831	0.0536245713731541	1.096658866088	0.0424002614637447	0.0355193811651992	0.0302115287714158	0.0162808595726934	0.0183149038836627	0.00805330027035111	0.0123732608710005	0.00727596767984828	0.0114375721172204	0.00321001281487804	0.00321001281487804	0.0142423229362078	0.00752997341552747	0.00321001281487804	0.00321001281487804	0.00970910334422673	0.00321001281487804	0.00321001281487804	0.00406595486497024
"Ornithodiplostomum_sp."	0.116725193412196	0.111845539730316	0.110805437868948	0.104662391785185	0.0096935720381925	0.0979470958905131	0.00576062074425491	0.00703214246464784	0.0928716240219502	0.00403812013940425	0.00528492857105957	0.0777338126835318	1.07205922679966	0.0174721389358828	0.0140125875926468	0.015340011734399	0.0304528312113771	0.0132203647431415	0.0209974731066444	0.0115193317057739	0.0074253376009027	0.00530569060964526	0.00530569060964526	0.00100953003485106	0.0130827989731482	0.00530569060964526	0.00530569060964526	0.000960103457375817	0.00530569060964526	0.00530569060964526	0.00621364109612864
"Lernaea_cyprinacea"	0.0155364796982383	0.135814791059432	0.125577237779659	0.00832176847971859	0.121612669834649	0.00828171101642823	0.120698016647473	0.114276696385253	0.0052991520101082	0.00405935784745134	0.00718878590825597	0.0781426385634382	0.0209665667230593	1.07087910476997	0.0290947823338884	0.0317166525978467	0.0178953540379202	0.0096760063211943	0.0100100237585119	0.00825146979261563	0.0227468498992996	0.000706203622647196	0.000706203622647197	0.00101483946186283	0.00104022105996482	0.000706203622647196	0.000706203622647196	0.0201163361079121	0.000706203622647196	0.000706203622647196	0.00754526616996844
"Contracaecum_sp."	0.169264421338374	0.158343141467342	0.0156022442454979	0.00640731150332879	0.0118833023873563	0.00738503562569359	0.0080872242416324	0.141743443211019	0.00552801454550782	0.00431593268163083	0.138106595419283	0.0830817041213935	0.0210188813889701	0.0363684779173605	1.07464123458285	0.0113967000085852	0.0111421264811146	0.00880828335109803	0.00191535995545167	0.0164906785261926	0.0102822539910497	0.00769383733356246	0.00769383733356246	0.00107898317040771	0.000800913937916099	0.00769383733356246	0.00769383733356246	0.00134787070693873	0.00769383733356246	0.00769383733356246	0.00879684119263014
"Rhabdochona_sp."	0.0161882890119379	0.209820560693484	0.197630144490607	0.00970952269340169	0.191869133292921	0.00983897280267141	0.00872682039464367	0.00989903536318756	0.00527014521784874	0.00310111610908447	0.00461292659687978	0.059696485099876	0.0306800234687979	0.0528610876630778	0.015195600011447	1.04975677837011	0.0274129655089361	0.0148522702109106	0.0153301292288614	0.0123925291350291	0.0356403394779198	0.00073583131872445	0.00073583131872445	0.000775279027271117	0.00121369033667521	0.00073583131872445	0.00073583131872445	0.00145447006577394	0.00073583131872445	0.00073583131872445	0.0116566978163047
"Unidenti?ed_metacercaria"	0.0195074675386129	0.205681415312954	0.199491238278276	0.0128996407060489	0.0138947684083037	0.184190375066218	0.00658368325846962	0.00789206406711626	0.0081279558491733	0.00348855312069766	0.00490950506079622	0.0671546475734299	0.0609056624227541	0.0298255900632004	0.0148561686414862	0.0274129655089361	1.05637451530227	0.015136077232671	0.0158618292509901	0.0123134483651011	0.0131635913462021	0.000886703069936951	0.000886703069936951	0.000872138280174415	0.00161245508825611	0.000886703069936952	0.000886703069936951	0.00109728054307827	0.000886703069936951	0.000886703069936951	0.0114267452951641
"Corallobothriinae"	0.312539429941083	0.0225116475657117	0.279109546358052	0.0113682927398414	0.00873089648759742	0.00910243556154089	0.00483526543405784	0.00663439748566086	0.00531841625337316	0.00230094293438603	0.00421539590536228	0.0442931514869311	0.0396610942294246	0.0241900158029857	0.0176165667021961	0.022278405316366	0.0227041158490064	1.03414273389303	0.0213574327609125	0.0154569848115787	0.00234200914793366	0.0142063377245947	0.0142063377245947	0.000575235733596508	0.00142103659248017	0.0142063377245947	0.0142063377245947	0.000805877572342973	0.0142063377245947	0.0142063377245947	0.00125064708698398
"Posthodiplostomum_sp."	0.0169541159754669	0.0207827270933052	0.288215075759295	0.290746903476775	0.0100304541440005	0.0123081408071588	0.00610453217168522	0.00607466114624103	0.00834268349441124	0.00353521739171444	0.00357215520661305	0.068052934790503	0.0629924193199333	0.0250250593962798	0.00383071991090333	0.0229951938432921	0.0237927438764852	0.0213574327609125	1.05693015406026	0.00192523758487656	0.00240840271762813	0.000770641635248496	0.000770641635248496	0.00088380434792861	0.0363433629345969	0.000770641635248496	0.000770641635248496	0.0010174220286142	0.000770641635248496	0.000770641635248496	0.00115459594962807
"Eustrongylides_sp."	0.312893499432479	0.286909590699208	0.0172837422687058	0.00552547652546633	0.0113185518227109	0.00777718693768081	0.00423475567430834	0.00800452899966413	0.00469882484640554	0.00207884790852808	0.00594166155151022	0.0400178222391655	0.0345579951173217	0.0206286744815391	0.0329813570523852	0.0185887937025437	0.0184701725476516	0.0154569848115787	0.00192523758487656	1.0301618534979	0.0173542406833504	0.0142224317923854	0.0142224317923854	0.00051971197713202	0.000690684565683291	0.0142224317923854	0.0142224317923854	0.000705792612384723	0.0142224317923854	0.0142224317923854	0.0159394217055115
"Oribatida_gen._sp."	0.0141383039196059	0.300808629093357	0.0237910255767766	0.00567234998286699	0.280396477935387	0.00800662526608129	0.00932302418632363	0.0111166690018924	0.00471572742953077	0.00326787774777725	0.00542995652706751	0.062906646644712	0.0222760128027081	0.056867124748249	0.0205645079820993	0.0534605092168796	0.0197453870193031	0.00234200914793366	0.00240840271762813	0.0173542406833504	1.05176115024711	0.000642650178163905	0.000642650178163905	0.000816969436944312	0.000709043747858374	0.000642650178163905	0.000642650178163905	0.00155383736438727	0.000642650178163905	0.000642650178163905	0.0167115905051865
"Henneguya_exilis"	0.604790600685564	0.0171788712376853	0.0129107103978375	0.00495271736521162	0.00264734896720679	0.00470120324723012	0.00213611805683194	0.00580502688554384	0.00425785171226165	0.00183429303707316	0.00545192507422025	0.0353101409636584	0.0318341436578716	0.00353101811323598	0.0307753493342498	0.00220749395617335	0.00266010920981085	0.0284126754491894	0.00154128327049699	0.0284448635847708	0.00128530035632781	1.02749048184934	0.0274904818493438	0.000458573259268291	0.000619089670651453	0.0274904818493438	0.0274904818493438	0.000356019676138657	0.0274904818493438	0.0274904818493438	0.000954381735426962
"Ligictaluridus_?oridanus"	0.604790600685564	0.0171788712376853	0.0129107103978375	0.00495271736521162	0.00264734896720679	0.00470120324723012	0.00213611805683195	0.00580502688554385	0.00425785171226165	0.00183429303707316	0.00545192507422025	0.0353101409636584	0.0318341436578716	0.00353101811323598	0.0307753493342498	0.00220749395617335	0.00266010920981085	0.0284126754491894	0.00154128327049699	0.0284448635847708	0.00128530035632781	0.0274904818493438	1.02749048184934	0.000458573259268291	0.000619089670651453	0.0274904818493439	0.0274904818493438	0.000356019676138657	0.0274904818493438	0.0274904818493438	0.000954381735426962
"Dactylogyrus_extensus"	0.0100886117039024	0.0104553125099235	0.00968657491094615	0.00860568390345996	0.00842470543114301	0.00806199562561661	0.00832208858076578	0.00816807278423914	0.00762592648552941	0.579567041677833	0.00766065305330773	0.156665552298285	0.00605718020910638	0.00507419730931417	0.00431593268163083	0.00232583708181335	0.00261641484052324	0.00115047146719302	0.00176760869585722	0.00103942395426404	0.00163393887388862	0.000458573259268291	0.000458573259268291	1.14489176041946	0.0010757104879325	0.000458573259268291	0.000458573259268291	0.00138701476346096	0.000458573259268291	0.000458573259268291	0.000580850694995749
"Gyrodactylus_hoffmani"	0.013619972754332	0.0137210302928723	0.0311217692003244	0.563709938839078	0.00524646428001294	0.0111126137384659	0.0046746515320867	0.00468555420670419	0.0103063861943378	0.00430284195172998	0.00416544367672178	0.0828297075708021	0.0784967938388891	0.00520110529982412	0.00320365575166439	0.00364107101002563	0.00483736526476833	0.00284207318496034	0.0726867258691937	0.00138136913136658	0.00141808749571675	0.000619089670651453	0.000619089670651453	0.0010757104879325	1.07046374235489	0.000619089670651453	0.000619089670651453	0.000779108588681117	0.000619089670651453	0.000619089670651453	0.00076227946071513
"Corallobothrium_?mbriatum"	0.604790600685564	0.0171788712376853	0.0129107103978375	0.00495271736521162	0.00264734896720679	0.00470120324723012	0.00213611805683194	0.00580502688554384	0.00425785171226165	0.00183429303707316	0.00545192507422025	0.0353101409636584	0.0318341436578716	0.00353101811323598	0.0307753493342498	0.00220749395617335	0.00266010920981085	0.0284126754491894	0.00154128327049699	0.0284448635847708	0.00128530035632781	0.0274904818493438	0.0274904818493438	0.000458573259268291	0.000619089670651453	1.02749048184934	0.0274904818493438	0.000356019676138657	0.0274904818493438	0.0274904818493438	0.000954381735426962
"Megathylacoides_giganteum"	0.604790600685564	0.0171788712376853	0.0129107103978375	0.00495271736521162	0.00264734896720679	0.00470120324723012	0.00213611805683195	0.00580502688554385	0.00425785171226165	0.00183429303707316	0.00545192507422025	0.0353101409636584	0.0318341436578716	0.00353101811323598	0.0307753493342499	0.00220749395617335	0.00266010920981085	0.0284126754491894	0.00154128327049699	0.0284448635847708	0.00128530035632781	0.0274904818493438	0.0274904818493438	0.000458573259268291	0.000619089670651453	0.0274904818493438	1.02749048184934	0.000356019676138657	0.0274904818493438	0.0274904818493438	0.000954381735426962
"Truttaedacnitis_truttae"	0.00783243287505046	0.0190001798753542	0.017580296559662	0.00623286870944893	0.01641687344115	0.00588324367234041	0.561722966973894	0.0155866550795388	0.00533460340080128	0.00554805905384385	0.00552848702558274	0.106800136786494	0.00576062074425491	0.100581680539561	0.00539148282775493	0.00436341019732183	0.00329184162923481	0.00161175514468595	0.0020348440572284	0.00141158522476945	0.00310767472877454	0.000356019676138657	0.000356019676138657	0.00138701476346096	0.000779108588681116	0.000356019676138657	0.000356019676138657	1.09362049449565	0.000356019676138657	0.000356019676138657	0.00105556554863079
"Ergasilus_arthrosis"	0.604790600685564	0.0171788712376853	0.0129107103978375	0.00495271736521162	0.00264734896720679	0.00470120324723012	0.00213611805683194	0.00580502688554385	0.00425785171226165	0.00183429303707316	0.00545192507422025	0.0353101409636584	0.0318341436578716	0.00353101811323598	0.0307753493342498	0.00220749395617335	0.00266010920981085	0.0284126754491894	0.00154128327049699	0.0284448635847708	0.00128530035632781	0.0274904818493438	0.0274904818493438	0.000458573259268291	0.000619089670651452	0.0274904818493438	0.0274904818493438	0.000356019676138657	1.02749048184934	0.0274904818493438	0.000954381735426962
"Myzobdella_lugubris"	0.604790600685564	0.0171788712376853	0.0129107103978375	0.00495271736521162	0.00264734896720679	0.00470120324723012	0.00213611805683194	0.00580502688554385	0.00425785171226165	0.00183429303707316	0.00545192507422025	0.0353101409636584	0.0318341436578716	0.00353101811323598	0.0307753493342498	0.00220749395617335	0.00266010920981085	0.0284126754491894	0.00154128327049699	0.0284448635847708	0.00128530035632781	0.0274904818493438	0.0274904818493438	0.000458573259268291	0.000619089670651452	0.0274904818493438	0.0274904818493438	0.000356019676138657	0.0274904818493438	1.02749048184934	0.000954381735426962
"Gyrodactylus_sp."	0.0209963981793932	0.556640310160731	0.0216567741395741	0.00609823568572104	0.0199897546782149	0.0108531706281315	0.00633339329178474	0.0102040311137844	0.00513979798054944	0.002323402779983	0.00643139802880019	0.0447255035146727	0.0372818465767718	0.0377263308498422	0.0351873647705205	0.034970093448914	0.0342802358854924	0.00250129417396797	0.00230919189925614	0.0318788434110231	0.033423181010373	0.000954381735426962	0.000954381735426962	0.000580850694995749	0.00076227946071513	0.000954381735426962	0.000954381735426962	0.00105556554863079	0.000954381735426962	0.000954381735426962	1.0309244616756
