"Nephrosperma_vanhoutteanum"	"Pittosporum_senacia"	"Chrysobalanus_icaco"	"Erythroxylum_sechellarum"	"Dillenia_ferruginea"	"Paragenipa_wrightii"	"Northea_hornei"	"Phoenicophorium_borsigianum"	"Ixora_pudica"	"Apis_mellifera"	"Lasioglossum_mahense"	"Unidentified_sp3_M_PL_123"	"Nectarinia_dussumieri"	"Ornidia_obesa"	"Hemipyrellia_germana"	"Rhiparida_seychellensis"	"Megachile_seychellensis"	"Phelsuma_sp1_M_PL_123"	"Neophyllomyza_approximatonervis"	"Cratopus_aurostriatus"	"Unidentified_sp2_M_PL_123"	"Rhynchium_brunneum"	"Unidentified_sp5_M_PL_123"	"Polistes_olivaceus"	"Tricimba_seychellensis"	"Chalcidoma_disjunctum"	"Dichaetomyia_fasciculifera"	"Eagris_sabadius"	"Eristalinus_vicarians"	"Hemipyrellia_sp1_M_PL_123"	"Lampides_boeticus"	"Mabuya_sechellensis"	"Scaptodrosophila_sp1_M_PL_123"	"Unidentified_sp1_M_PL_123"	"Unidentified_sp4_M_PL_123"
"Nephrosperma_vanhoutteanum"	1.17136690668079	0.0327223051515042	0.0114353093162402	0.00967010854556446	0.0165129340530199	0.0160471909509965	0.0254466421973139	0.0501319364379057	0	0.0617587587353564	0.0592140945156249	0.0488069544450329	0.00840394083305951	0.00385337774445356	0.00474674855888295	0.0555264779599289	0.0502943319519194	0.0569383701363464	0.0513516186647642	0.0523878070477403	0.002454388361443	0.000714706832265009	0.0523878070477404	0.000714706832265009	0.0488069544450329	0.000967010854556447	0.0488069544450329	0.000714706832265009	0.00148737750688655	0.0488069544450329	0.00148737750688655	0.00148737750688655	0	0.000967010854556447	0.00358085260270755
"Pittosporum_senacia"	0.0356970601652773	1.14656644544049	0.0375909233390478	0.0249926922334569	0.0318987602540415	0.0158944890550451	0.0216017237251811	0.0190912391207985	0	0.0671532555168567	0.0649930831443385	0.00148737750688655	0.0618029488494245	0.0576559653450258	0.0566262616921397	0.0581575700804217	0.0536040341178177	0.0069980209484852	0.00364754987940466	0.00285103744408645	0.0546159258342768	0.00234943270869049	0.00285103744408645	0.00234943270869049	0.00148737750688655	0.00249926922334569	0.00148737750688655	0.00234943270869049	0.0521166566109311	0.00148737750688655	0.0521166566109311	0.0521166566109311	0	0.00249926922334569	0.0013636599371999
"Chrysobalanus_icaco"	0.0171529639743602	0.0516875195911907	1.15369430224645	0.0136560033413694	0.033586258530307	0.020580147249552	0.0283858651231974	0.0145902732769061	0	0.0863475269139619	0.0835089404016421	0.00071470683226501	0.0832250573706381	0.0778139524521243	0.0772939131114134	0.00746492777090806	0.00306413954095549	0.00716797412770062	0.00355329334458475	0.00175686920918687	0.00371503304282743	0.0721058938904031	0.00175686920918687	0.0721058938904031	0.000714706832265009	0.00136560033413694	0.000714706832265009	0.0721058938904031	0.00234943270869049	0.00071470683226501	0.00234943270869049	0.00234943270869049	0	0.00136560033413694	0.00104216237692186
"Erythroxylum_sechellarum"	0.0232082605093547	0.0549839229136052	0.0218496053461911	1.16307929225271	0.0198389742719872	0.0187341527667447	0.0110118149233648	0.020627310349378	0	0.128040036963358	0.126938855471021	0.000967010854556447	0.00929171757286091	0.00584876698468135	0.00496605104981911	0.00692355681577071	0.00346628007790214	0.00588334075340587	0.00206819234689292	0.0024403901652263	0.118807198448616	0.00136560033413694	0.0024403901652263	0.00136560033413694	0.000967010854556446	0.116307929225271	0.000967010854556446	0.00136560033413694	0.00249926922334569	0.000967010854556447	0.00249926922334569	0.00249926922334569	0	0.116307929225271	0.00147337931066986
"Dillenia_ferruginea"	0.0396310417272478	0.0701772725588912	0.0537380136484912	0.0198389742719871	1.06140659956404	0.0297160993381333	0.0234423753706714	0.0353829568538704	0	0.124910456682664	0.122566219145597	0.00165129340530199	0.118747911789173	0.112689161834839	0.00889273941550199	0.113509183448101	0.00484116943070614	0.0102373974206265	0.00399553094236913	0.00417864746629273	0.00517377345260286	0.0033586258530307	0.00417864746629274	0.0033586258530307	0.00165129340530199	0.00198389742719872	0.00165129340530199	0.0033586258530307	0.00318987602540415	0.00165129340530199	0.00318987602540415	0.00318987602540415	0	0.00198389742719872	0.00252735406099074
"Paragenipa_wrightii"	0.0481415728529895	0.043709844901374	0.041160294499104	0.0234176909584308	0.0371451241726666	1.05204998601434	0.0446575930452568	0.043051226889172	0	0.151668605111318	0.147202845806792	0.00200589886887456	0.144245849511659	0.0082738419553413	0.00902508884260032	0.0107823100529627	0.0039927100007552	0.141052994060134	0.00647165817340024	0.00508098650381541	0.00432858022772372	0.002572518406194	0.00508098650381542	0.002572518406194	0.00200589886887456	0.00234176909584308	0.00200589886887456	0.002572518406194	0.00198681113188064	0.00200589886887456	0.00198681113188064	0.00198681113188064	0	0.00234176909584308	0.00307508763494086
"Northea_hornei"	0.0610719412735533	0.0475237921953984	0.0454173841971159	0.0110118149233648	0.0234423753706714	0.0357260744362054	1.08098905025205	0.0281509006849716	0	0.125564285084059	0.0174653800588536	0.00254466421973139	0.119907660751636	0.00734299642190499	0.113097663910043	0.00905985274967175	0.0047048365922495	0.117120107169818	0.110643569244936	0.0045554428400865	0.00326135386485459	0.00283858651231974	0.00455544284008651	0.00283858651231974	0.00254466421973139	0.00110118149233648	0.00254466421973139	0.00283858651231974	0.00216017237251811	0.00254466421973139	0.00216017237251811	0.00216017237251811	0	0.00110118149233648	0.00201077862035512
"Phoenicophorium_borsigianum"	0.0859404624649811	0.0300005186183977	0.0166745980307498	0.0147337931066986	0.0252735406099074	0.0246007010795268	0.0201077862035512	1.11600193321952	0	0.0947876983451802	0.092776919724825	0.00358085260270755	0.0100190426304085	0.0049331763751125	0.00441660093447687	0.0871862904022925	0.00494451253990744	0.0883811426593979	0.00559163122306266	0.0832952764041018	0.00283703924786975	0.00104216237692186	0.0832952764041019	0.00104216237692186	0.00358085260270755	0.00147337931066986	0.00358085260270755	0.00104216237692186	0.0013636599371999	0.00358085260270755	0.0013636599371999	0.0013636599371999	0	0.00147337931066986	0.0797144238013943
"Ixora_pudica"	0	0	0	0	0	0	0	0	1.33333333333333	0	0	0	0	0	0	0	0	0	0	0	0	0	0	0	0	0	0	0	0	0	0	0	0.666666666666667	0	0
"Apis_mellifera"	0.0926381381030345	0.0923357263356779	0.0863475269139619	0.0800250231020987	0.0780690354266651	0.075834302555659	0.0784776781775368	0.0829392360520327	0	1.05251441395955	0.0446666461417934	0.00385992242095977	0.0347277580818037	0.0174007024445927	0.0174415667196798	0.0217881355800036	0.00805700089076331	0.0271112092047446	0.0117076902387134	0.00978415356753352	0.0121995807800134	0.00539672043212262	0.00978415356753354	0.00539672043212262	0.00385992242095977	0.00800250231020988	0.00385992242095977	0.00539672043212262	0.00419707846980354	0.00385992242095977	0.00419707846980354	0.00419707846980354	0	0.00800250231020988	0.00592423114657376
"Lasioglossum_mahense"	0.1015098763125	0.102131987798246	0.0954387890304482	0.0906706110507296	0.0875472993897122	0.0841159118895955	0.0124752714706097	0.0927769197248251	0	0.0510475955906211	1.04980006844356	0.0042295781796875	0.0311240334683731	0.0193620173351127	0.0118548145432025	0.0242535940378847	0.00887194126142596	0.0226185171504354	0.00547710532674846	0.010856501017175	0.0137094241868114	0.00596492431440301	0.010856501017175	0.00596492431440301	0.0042295781796875	0.00906706110507297	0.0042295781796875	0.00596492431440301	0.00464236308173847	0.0042295781796875	0.00464236308173846	0.00464236308173847	0	0.00906706110507297	0.00662692283748751
"Unidentified_sp3_M_PL_123"	0.585683453340394	0.0163611525757521	0.00571765465812008	0.00483505427278223	0.00825646702650996	0.00802359547549825	0.0127233210986569	0.0250659682189528	0	0.0308793793676782	0.0296070472578125	1.02440347722252	0.00420197041652975	0.00192668887222678	0.00237337427944148	0.0277632389799645	0.0251471659759597	0.0284691850681732	0.0256758093323821	0.0261939035238702	0.0012271941807215	0.000357353416132505	0.0261939035238702	0.000357353416132505	0.0244034772225164	0.000483505427278223	0.0244034772225164	0.000357353416132505	0.000743688753443277	0.0244034772225164	0.000743688753443277	0.000743688753443277	0	0.000483505427278223	0.00179042630135377
"Nectarinia_dussumieri"	0.0201694579993428	0.135966487468734	0.133160091793021	0.00929171757286091	0.118747911789173	0.115396679609328	0.119907660751636	0.0140266596825719	0	0.055564412930886	0.0435736468557224	0.000840394083305951	1.05279294282725	0.0263775918009235	0.0264935666971699	0.0198973844102065	0.0070206889682484	0.0282576493726764	0.0128311601584695	0.0018422983463468	0.00710946664222854	0.00832250573706381	0.0018422983463468	0.0083225057370638	0.000840394083305951	0.000929171757286091	0.000840394083305951	0.00832250573706381	0.00618029488494245	0.000840394083305951	0.00618029488494245	0.00618029488494245	0	0.000929171757286091	0.00100190426304085
"Ornidia_obesa"	0.0154135109778142	0.211405206265094	0.207503873205665	0.00974794497446891	0.187815269724732	0.0110317892737884	0.0122383273698416	0.0115107448752625	0	0.0464018731855805	0.0451780404485963	0.000642229624075592	0.0439626530015392	1.04135984660533	0.0238021523698425	0.0298552802165718	0.0102515571815799	0.00406723208280206	0.00186606236105976	0.00146442568659434	0.0105841220549512	0.012968992075354	0.00146442568659434	0.012968992075354	0.000642229624075592	0.000974794497446891	0.000642229624075592	0.012968992075354	0.0096093275575043	0.000642229624075593	0.00960932755750429	0.0096093275575043	0	0.000974794497446891	0.00082219606251875
"Hemipyrellia_germana"	0.0189869942355318	0.207629626204512	0.206117101630436	0.00827675174969852	0.01482123235917	0.0120334517901338	0.188496106516739	0.010305402180446	0	0.0465108445858129	0.027661233934139	0.000791124759813825	0.0441559444952831	0.0238021523698425	1.0411696397856	0.0124470584335003	0.0102288350418371	0.0218810170410006	0.0196407354114876	0.00152722491555997	0.0102653854569931	0.0128823188519022	0.00152722491555997	0.0128823188519022	0.000791124759813825	0.000827675174969852	0.000791124759813825	0.0128823188519022	0.00943771028202329	0.000791124759813826	0.00943771028202329	0.00943771028202329	0	0.000827675174969852	0.000736100155746146
"Rhiparida_seychellensis"	0.166579433879787	0.15993331772116	0.0149298555418161	0.00865444601971339	0.141886479310126	0.0107823100529627	0.0113248159370897	0.152576008204012	0	0.0435762711600072	0.0424437895662982	0.00694080974499111	0.0248717305127582	0.0223914601624288	0.00933529382512519	1.03929744023634	0.0142105060050438	0.020319366395607	0.00807329133870008	0.0178390960452777	0.00813514086202405	0.000933115971363507	0.0178390960452777	0.000933115971363506	0.00694080974499111	0.000865444601971338	0.00694080974499111	0.000933115971363506	0.00726969626005272	0.00694080974499112	0.00726969626005271	0.00726969626005272	0	0.000865444601971338	0.0108982863002866
"Megachile_seychellensis"	0.301765991711516	0.294822187647997	0.012256558163822	0.00866570019475535	0.0121029235767653	0.0079854200015104	0.0117620914806237	0.017305793889676	0	0.0322280035630532	0.0310517944149909	0.0125735829879798	0.017551722420621	0.0153773357723698	0.0153432525627557	0.0284210120100877	1.02597459151743	0.0159840977712079	0.0137497921360422	0.0138097111229567	0.01426757854893	0.000766034885238873	0.0138097111229567	0.000766034885238874	0.0125735829879798	0.000866570019475534	0.0125735829879798	0.000766034885238874	0.0134010085294544	0.0125735829879799	0.0134010085294544	0.0134010085294544	0	0.000866570019475534	0.00123612813497686
"Phelsuma_sp1_M_PL_123"	0.170815110409039	0.0192445576083343	0.0143359482554012	0.00735417594175733	0.0127967467757832	0.141052994060133	0.146400133962272	0.154666999653946	0	0.0542224184094892	0.039582405013262	0.00711729626704329	0.0353220617158454	0.00305042406210154	0.0164107627807504	0.020319366395607	0.00799204888560394	1.05043657675321	0.0217573096632705	0.018164939099468	0.00161017021273638	0.000895996765962577	0.018164939099468	0.000895996765962577	0.00711729626704329	0.000735417594175733	0.00711729626704329	0.000895996765962577	0.00087475261856065	0.0071172962670433	0.00087475261856065	0.00087475261856065	0	0.000735417594175733	0.0110476428324247
"Neophyllomyza_approximatonervis"	0.308109711988585	0.0200615243367256	0.014213173378339	0.00517048086723231	0.00998882735592283	0.0129433163468005	0.276608923112342	0.0195707092807193	0	0.0468307609548538	0.0191698686436196	0.0128379046661911	0.0320779003961739	0.00279909354158964	0.0294611031172315	0.0161465826774002	0.0137497921360422	0.043514619326541	1.04049879697742	0.0142358124719567	0.0014289355565744	0.000888323336146187	0.0142358124719567	0.000888323336146187	0.0128379046661911	0.000517048086723231	0.0128379046661911	0.000888323336146188	0.000911887469851166	0.0128379046661911	0.000911887469851166	0.000911887469851166	0	0.000517048086723231	0.00139790780576567
"Cratopus_aurostriatus"	0.314326842286442	0.0156807059424755	0.00702747683674749	0.00610097541306575	0.0104466186657318	0.0101619730076308	0.0113886071002163	0.291533467414357	0	0.0391366142701341	0.0379977535601125	0.0130969517619351	0.00460574586586699	0.00219663852989151	0.00229083737333996	0.0356781920905553	0.0138097111229567	0.036329878198936	0.0142358124719567	1.03392077086296	0.00132285690232819	0.000439217302296718	0.0339207708629606	0.000439217302296718	0.0130969517619351	0.000610097541306576	0.0130969517619351	0.000439217302296718	0.000712759361021612	0.0130969517619351	0.000712759361021612	0.000712759361021613	0	0.000610097541306576	0.0208238191010255
"Unidentified_sp2_M_PL_123"	0.014726330168658	0.300387592088523	0.0148601321713097	0.297017996121541	0.0129344336315072	0.00865716045544744	0.00815338466213647	0.00992963736754413	0	0.0487983231200537	0.04798298465384	0.00061359709036075	0.0177736666055714	0.0158761830824268	0.0153980781854897	0.0162702817240481	0.01426757854893	0.00322034042547277	0.0014289355565744	0.00132285690232819	1.04335578107072	0.000928758260706857	0.00132285690232819	0.000928758260706857	0.00061359709036075	0.0297017996121541	0.00061359709036075	0.000928758260706857	0.0136539814585692	0.00061359709036075	0.0136539814585692	0.0136539814585692	0	0.0297017996121541	0.000709259811967438
"Rhynchium_brunneum"	0.00857648198718012	0.0258437597955953	0.576847151123225	0.00682800167068472	0.0167931292651535	0.010290073624776	0.0141929325615987	0.00729513663845304	0	0.0431737634569809	0.0417544702008211	0.000357353416132505	0.041612528685319	0.0389069762260621	0.0386469565557067	0.00373246388545403	0.00153206977047775	0.00358398706385031	0.00177664667229238	0.000878434604593436	0.00185751652141371	1.0360529469452	0.000878434604593436	0.0360529469452016	0.000357353416132505	0.000682800167068471	0.000357353416132505	0.0360529469452016	0.00117471635434524	0.000357353416132505	0.00117471635434524	0.00117471635434524	0	0.000682800167068471	0.000521081188460931
"Unidentified_sp5_M_PL_123"	0.314326842286442	0.0156807059424755	0.00702747683674749	0.00610097541306575	0.0104466186657318	0.0101619730076308	0.0113886071002163	0.291533467414357	0	0.0391366142701341	0.0379977535601125	0.0130969517619351	0.00460574586586699	0.00219663852989151	0.00229083737333996	0.0356781920905553	0.0138097111229567	0.036329878198936	0.0142358124719567	0.0339207708629606	0.00132285690232819	0.000439217302296718	1.03392077086296	0.000439217302296718	0.0130969517619351	0.000610097541306576	0.0130969517619351	0.000439217302296718	0.000712759361021612	0.0130969517619351	0.000712759361021612	0.000712759361021612	0	0.000610097541306576	0.0208238191010255
"Polistes_olivaceus"	0.00857648198718011	0.0258437597955953	0.576847151123225	0.00682800167068471	0.0167931292651535	0.010290073624776	0.0141929325615987	0.00729513663845304	0	0.043173763456981	0.0417544702008211	0.000357353416132505	0.041612528685319	0.0389069762260622	0.0386469565557067	0.00373246388545403	0.00153206977047775	0.00358398706385031	0.00177664667229238	0.000878434604593436	0.00185751652141371	0.0360529469452016	0.000878434604593436	1.0360529469452	0.000357353416132505	0.000682800167068471	0.000357353416132505	0.0360529469452016	0.00117471635434524	0.000357353416132505	0.00117471635434524	0.00117471635434524	0	0.000682800167068472	0.000521081188460932
"Tricimba_seychellensis"	0.585683453340394	0.0163611525757521	0.00571765465812008	0.00483505427278223	0.00825646702650997	0.00802359547549826	0.012723321098657	0.0250659682189528	0	0.0308793793676782	0.0296070472578125	0.0244034772225164	0.00420197041652975	0.00192668887222678	0.00237337427944148	0.0277632389799645	0.0251471659759597	0.0284691850681732	0.0256758093323821	0.0261939035238702	0.0012271941807215	0.000357353416132505	0.0261939035238702	0.000357353416132505	1.02440347722252	0.000483505427278223	0.0244034772225164	0.000357353416132505	0.000743688753443277	0.0244034772225164	0.000743688753443277	0.000743688753443277	0	0.000483505427278223	0.00179042630135377
"Chalcidoma_disjunctum"	0.0116041302546774	0.0274919614568026	0.0109248026730955	0.581539646126354	0.00991948713599358	0.00936707638337233	0.00550590746168239	0.010313655174689	0	0.064020018481679	0.0634694277355107	0.000483505427278223	0.00464585878643045	0.00292438349234067	0.00248302552490956	0.00346177840788535	0.00173314003895107	0.00294167037670293	0.00103409617344646	0.00122019508261315	0.0594035992243083	0.000682800167068471	0.00122019508261315	0.000682800167068471	0.000483505427278223	1.05815396461264	0.000483505427278223	0.000682800167068471	0.00124963461167285	0.000483505427278223	0.00124963461167285	0.00124963461167285	0	0.0581539646126354	0.000736689655334928
"Dichaetomyia_fasciculifera"	0.585683453340395	0.0163611525757521	0.00571765465812008	0.00483505427278223	0.00825646702650997	0.00802359547549826	0.012723321098657	0.0250659682189528	0	0.0308793793676782	0.0296070472578125	0.0244034772225164	0.00420197041652975	0.00192668887222678	0.00237337427944148	0.0277632389799645	0.0251471659759597	0.0284691850681732	0.0256758093323821	0.0261939035238702	0.0012271941807215	0.000357353416132505	0.0261939035238702	0.000357353416132505	0.0244034772225164	0.000483505427278223	1.02440347722252	0.000357353416132505	0.000743688753443277	0.0244034772225164	0.000743688753443277	0.000743688753443277	0	0.000483505427278223	0.00179042630135377
"Eagris_sabadius"	0.00857648198718012	0.0258437597955953	0.576847151123225	0.00682800167068472	0.0167931292651535	0.010290073624776	0.0141929325615987	0.00729513663845304	0	0.043173763456981	0.0417544702008211	0.000357353416132505	0.041612528685319	0.0389069762260622	0.0386469565557067	0.00373246388545403	0.00153206977047775	0.00358398706385031	0.00177664667229238	0.000878434604593436	0.00185751652141371	0.0360529469452016	0.000878434604593436	0.0360529469452016	0.000357353416132505	0.000682800167068471	0.000357353416132505	1.0360529469452	0.00117471635434524	0.000357353416132505	0.00117471635434524	0.00117471635434524	0	0.000682800167068471	0.000521081188460932
"Eristalinus_vicarians"	0.0178485300826386	0.573283222720242	0.0187954616695239	0.0124963461167285	0.0159493801270207	0.00794724452752255	0.0108008618625906	0.00954561956039927	0	0.0335766277584283	0.0324965415721693	0.000743688753443277	0.0309014744247123	0.0288279826725129	0.0283131308460699	0.0290787850402109	0.0268020170589088	0.0034990104742426	0.00182377493970233	0.00142551872204322	0.0273079629171384	0.00117471635434524	0.00142551872204322	0.00117471635434524	0.000743688753443277	0.00124963461167285	0.000743688753443277	0.00117471635434524	1.02605832830547	0.000743688753443277	0.0260583283054656	0.0260583283054656	0	0.00124963461167285	0.000681829968599948
"Hemipyrellia_sp1_M_PL_123"	0.585683453340394	0.0163611525757521	0.00571765465812008	0.00483505427278223	0.00825646702650997	0.00802359547549826	0.012723321098657	0.0250659682189528	0	0.0308793793676782	0.0296070472578125	0.0244034772225164	0.00420197041652976	0.00192668887222678	0.00237337427944148	0.0277632389799645	0.0251471659759597	0.0284691850681732	0.0256758093323821	0.0261939035238702	0.0012271941807215	0.000357353416132505	0.0261939035238702	0.000357353416132505	0.0244034772225164	0.000483505427278223	0.0244034772225164	0.000357353416132505	0.000743688753443277	1.02440347722252	0.000743688753443277	0.000743688753443277	0	0.000483505427278223	0.00179042630135377
"Lampides_boeticus"	0.0178485300826386	0.573283222720243	0.0187954616695239	0.0124963461167285	0.0159493801270207	0.00794724452752255	0.0108008618625905	0.00954561956039927	0	0.0335766277584283	0.0324965415721693	0.000743688753443277	0.0309014744247122	0.0288279826725129	0.0283131308460699	0.0290787850402109	0.0268020170589088	0.0034990104742426	0.00182377493970233	0.00142551872204322	0.0273079629171384	0.00117471635434524	0.00142551872204322	0.00117471635434524	0.000743688753443277	0.00124963461167285	0.000743688753443277	0.00117471635434524	0.0260583283054656	0.000743688753443277	1.02605832830547	0.0260583283054656	0	0.00124963461167285	0.000681829968599948
"Mabuya_sechellensis"	0.0178485300826386	0.573283222720242	0.0187954616695239	0.0124963461167285	0.0159493801270207	0.00794724452752255	0.0108008618625905	0.00954561956039927	0	0.0335766277584283	0.0324965415721693	0.000743688753443277	0.0309014744247122	0.0288279826725129	0.0283131308460699	0.0290787850402109	0.0268020170589088	0.0034990104742426	0.00182377493970233	0.00142551872204323	0.0273079629171384	0.00117471635434524	0.00142551872204322	0.00117471635434524	0.000743688753443277	0.00124963461167285	0.000743688753443277	0.00117471635434524	0.0260583283054656	0.000743688753443277	0.0260583283054656	1.02605832830547	0	0.00124963461167285	0.000681829968599948
"Scaptodrosophila_sp1_M_PL_123"	0	0	0	0	0	0	0	0	0.666666666666667	0	0	0	0	0	0	0	0	0	0	0	0	0	0	0	0	0	0	0	0	0	0	0	1.33333333333333	0	0
"Unidentified_sp1_M_PL_123"	0.0116041302546774	0.0274919614568026	0.0109248026730955	0.581539646126354	0.00991948713599358	0.00936707638337233	0.00550590746168239	0.010313655174689	0	0.064020018481679	0.0634694277355107	0.000483505427278223	0.00464585878643045	0.00292438349234067	0.00248302552490956	0.00346177840788535	0.00173314003895107	0.00294167037670293	0.00103409617344646	0.00122019508261315	0.0594035992243082	0.000682800167068471	0.00122019508261315	0.000682800167068471	0.000483505427278223	0.0581539646126354	0.000483505427278223	0.000682800167068471	0.00124963461167285	0.000483505427278223	0.00124963461167285	0.00124963461167285	0	1.05815396461264	0.000736689655334928
"Unidentified_sp4_M_PL_123"	0.0429702312324906	0.0150002593091989	0.0083372990153749	0.00736689655334928	0.0126367703049537	0.0123003505397634	0.0100538931017756	0.55800096660976	0	0.0473938491725901	0.0463884598624125	0.00179042630135377	0.00500952131520423	0.00246658818755625	0.00220830046723844	0.0435931452011462	0.00247225626995372	0.0441905713296989	0.00279581561153133	0.0416476382020509	0.00141851962393488	0.000521081188460931	0.0416476382020509	0.000521081188460931	0.00179042630135377	0.000736689655334928	0.00179042630135377	0.000521081188460932	0.000681829968599948	0.00179042630135377	0.000681829968599948	0.000681829968599948	0	0.000736689655334928	1.0398572119007
