"Ficus_sp1_M_SD_018"	"Ficus_sp3_M_SD_018"	"Dysoxylum_sp2_M_SD_018"	"Elmerillia_tsiampaca"	"Piper_sp2_M_SD_018"	"Elaeocarpus_sp1_M_SD_018"	"Psychotriasp._sp1_M_SD_018"	"Rhus_sp1_M_SD_018"	"Aglaia_sp1_M_SD_018"	"Ficus_dammaropsis"	"Gynotroches_sp1_M_SD_018"	"Myristica_subaluata"	"Symplocos_sp1_M_SD_018"	"Dracantomelon_sp1_M_SD_018"	"Dysoxylum_sp1_M_SD_018"	"Eurya_sp1_M_SD_018"	"Ficus_sp2_M_SD_018"	"Ficus_sp4_M_SD_018"	"Ficus_sp5_M_SD_018"	"Heritiera_sp1_M_SD_018"	"Musa_sp1_M_SD_018"	"Myristica_fatua"	"Osmoxylum_sp1_M_SD_018"	"Pandanus_limbatus"	"Piper_sp1_M_SD_018"	"Poikilospermum_sp1_M_SD_018"	"Schefflera_sp1_M_SD_018"	"Sloanea_sp1_M_SD_018"	"Syzigium_sp1_M_SD_018"	"Manucodia_chalybata"	"Parasidea_raggiana"	"Meliphaga_sp1_M_SD_018"	"Rhyticeros_plicatus"	"Cicinnurus_magnificus"	"Oriolus_szalayi"	"Ailuroedus_buccoides"	"Coracina_boyeri"	"Coracina_schisticeps"	"Ducula_rufigaster"	"Ducula_zoeae"	"Melanocharis_nigra"	"Pitohui_kirhocephalus"	"Ptilinopus_pulchellus"	"Ptilinopus_rivoli"	"Cacatua_galerita"	"Coracina_melaena"	"Cracticus_cassicus"	"Cyclopsittaca_gulielmiterti"	"Dicrurus_hottentottus"	"Glycichaera_fallax"	"Gymnophaps_albertisii"	"Macropygia_amboinensis"	"Melilestes_megarhycus"	"Microdynamis_parva"	"Mino_dumonti"	"Parotia_lawesii"	"Philemon_buceroides"	"Ptilinopus_ornatus"	"Reinwardtoena_reinwardtii"	"Xanthotis_flaviventer"	"Xanthotis_polygramma"
"Ficus_sp1_M_SD_018"	1.15977157288597	0.0239494819803464	0.0308274550954181	0.00934442573690052	0.0222602163624532	0.00185875814624017	0.00878145283804117	0.000540213879255934	0.00761845335936287	0.00886508572221299	0.00848173391266324	0.00718363659469769	0.00886508572221299	0.000263181120663148	0.00694762448821727	0.000636006181784376	0.000263181120663148	0	0.00628568202036048	0	0.00694762448821727	0.000263181120663148	0	0.00628568202036048	0.00628568202036048	0	0.000292715094601372	0.000292715094601372	0.00022248632706906	0.100570912325768	0.0972667428350417	0.0930834000832364	0.00210544896530518	0.00175629056760823	0.0871204585103072	0.00253581466061868	0.0042796318755953	0.0028787476156582	0.000889945308276241	0.00268331548458243	0.0025440247271375	0.00180071293085312	0.00202047030868382	0.00289913562290752	9.00356465426558e-05	0.00256895459128484	0	0	9.00356465426558e-05	0	0.00077870214474171	0.00221627143055325	0.00221627143055325	0.00171067728431046	0.0828408266347119	0.00179590914867442	0.00146357547300686	0.00077870214474171	0	0.0828408266347119	0.0828408266347119
"Ficus_sp3_M_SD_018"	0.0239494819803464	1.13779318133332	0.0463549800347486	0.000657124925021947	0.0083818832707617	0.0245634413867945	0.000263335615958333	0.0256645078496238	0.000556608365115053	0.000265843574205555	0.000262723445370117	0.00704986710658019	0.000265843574205555	0.0125032217728937	0.000508130239690739	0.00023948237916462	0.0125032217728937	0	0.00616863371825766	0	0.000508130239690739	0.0125032217728937	0	0.00616863371825766	0.00616863371825766	0	8.77785386527775e-06	8.77785386527775e-06	1.56458315481416e-05	0.0986981394921226	0.00711382335567034	0.00279135752915833	0.100025774183149	5.26671231916665e-05	0.0868445338110149	0.00493209522487525	0.0851338565267046	0.00795682190069479	6.25833261925664e-05	0.000193912501697259	0.00095792951665848	0.0855483594987461	0.0853648484216078	0.000120441271761025	0.0042774179749373	0.00386291500289571	0	0	0.0042774179749373	0	5.47604104184955e-05	6.64608935513887e-05	6.64608935513887e-05	0.0812709415238088	0.00171067728431046	0.00176246677664505	4.38892693263888e-05	5.47604104184955e-05	0	0.00171067728431046	0.00171067728431046
"Dysoxylum_sp2_M_SD_018"	0.0359653642779877	0.05408081004054	1.12785254290924	0.00982401862213287	0.0174984736362103	0.028457278364463	0.000451188762448525	0.00121986789565128	0.00852656366849689	0.000455485798281368	0.00064343160333223	0.00821462744658535	0.000455485798281368	0.00059429461583011	0.00778898638458807	0.00049995638960601	0.00059429461583011	0	0.00718779901576218	0	0.00778898638458807	0.00059429461583011	0	0.00718779901576218	0.00718779901576218	0	1.50396254149508e-05	1.50396254149508e-05	0.000233905205288878	0.115004784252195	0.109045809384233	0.00478260088195437	0.00475435692664088	9.02377524897051e-05	0.100419581503284	0.00649272709103153	0.0978506269119995	0.0987305916365142	0.000935620821155512	0.00295030913563529	0.00199982555842404	0.0040662263188376	0.00860579473030621	0.00097952611934413	0.00020331131594188	0.0939877119091037	0	0	0.00020331131594188	0	0.000818668218511072	0.000113871449570342	0.000113871449570342	0.00386291500289572	0.00256895459128484	0.00205365686164634	7.51981270747542e-05	0.000818668218511073	0	0.00256895459128484	0.00256895459128484
"Elmerillia_tsiampaca"	0.0109018300263839	0.000766645745858938	0.00982401862213287	1.18942749643597	0.0100173910551175	0.000535762209840376	0.000865403698487794	1.72927611847881e-05	0.035506151298276	0.000873645638473392	0.02724712473893	0.000213376472698133	0.000873645638473392	8.42467852592239e-06	0.00850727733305108	0.000286211173003356	8.42467852592239e-06	0	0.000186704413610866	0	0.00850727733305108	8.42467852592239e-06	0	0.000186704413610866	0.000186704413610866	0	2.88467899495931e-05	2.88467899495931e-05	0.0283197022960945	0.00298727061777386	0.119101882662715	0.00917327920397061	6.73974282073791e-05	0.000173080739697559	0.00165213077367128	0.00109103280715181	0.000873428628929569	0.000907961920151135	0.113278809184378	0.1079954958609	0.00114484469201343	5.76425372826269e-05	0.000144054112058558	0.105930739221063	2.88212686413134e-06	0.000818668218511073	0	0	2.88212686413135e-06	0	0.0991189580363305	0.000218411409618348	0.000218411409618348	5.47604104184956e-05	0.00077870214474171	5.33441181745332e-05	0.000144233949747966	0.0991189580363305	0	0.00077870214474171	0.00077870214474171
"Piper_sp2_M_SD_018"	0.0311643029074344	0.0117346365790664	0.0209981683634524	0.012020869266141	1.08655559132457	0.031783884235187	0.0114462170318531	0.000264691050655633	0.00979173355650249	0.0115552286226327	0.0110520104759269	0.00912318524296682	0.0115552286226327	0.000128952050319411	0.00892931543284315	0.0310444454664164	0.000128952050319411	0	0.00798278708759596	0	0.00892931543284315	0.000128952050319411	0	0.00798278708759596	0.00798278708759596	0	0.000381540567728437	0.000381540567728437	0.000286211173003357	0.127724593401535	0.125010416059804	0.121329900537643	0.00103161640255529	0.00228924340637062	0.00481405732694252	0.113952873171655	0.00258803569069721	0.00704716140281886	0.00114484469201343	0.00344967249463737	0.124177781865665	0.000882303502185442	0.006135502366274	0.00376474172449348	4.41151751092721e-05	0.00174984736362103	0	0	4.41151751092721e-05	0	0.00100173910551175	0.00288880715565816	0.00288880715565816	0.00083818832707617	0.00222602163624532	0.0022807963107417	0.00190770283864218	0.00100173910551175	0	0.00222602163624532	0.00222602163624532
"Elaeocarpus_sp1_M_SD_018"	0.00433710234122708	0.0573146965691871	0.056914556728926	0.00107152441968075	0.0529731403919783	1.14689545733269	0.000579082924298093	0.00129281270456813	0.000898805028100687	0.000584597999767599	0.000569436453553775	0.00116131808553011	0.000584597999767599	0.000629831830430627	0.000820306288434379	0.00151351829691367	0.000629831830430627	0	0.00101615332483885	0	0.000820306288434379	0.000629831830430627	0	0.00101615332483885	0.00101615332483885	0	1.93027641432698e-05	1.93027641432698e-05	2.5512486182875e-05	0.0162584531974216	0.0114842880380813	0.00613827899755979	0.00503865464344502	0.000115816584859619	0.00914657964958294	0.196446556927979	0.00883678662520958	0.195892122616192	0.0001020499447315	0.000313994958665234	0.00605407318765467	0.00430937568189377	0.19524314978658	0.000231652815028507	0.000215468784094688	0.0047428797274105	0	0	0.000215468784094688	0	8.92937016400626e-05	0.0001461494999419	0.0001461494999419	0.00409390689779908	0.000309793024373363	0.000290329521382528	9.65138207163488e-05	8.92937016400626e-05	0	0.000309793024373363	0.000309793024373363
"Psychotriasp._sp1_M_SD_018"	0.0204900566220961	0.000614449770569443	0.000902377524897051	0.00173080739697559	0.0190770283864218	0.000579082924298093	1.15188975258937	1.38597692609649e-05	0.000340060374881897	0.0200029883283133	0.0187079181596919	0.000280632418737703	0.0200029883283133	6.75219528098289e-06	0.000282748114014788	0.000545057953897767	6.75219528098289e-06	0	0.000245553366395491	0	0.000282748114014788	6.75219528098289e-06	0	0.000245553366395491	0.000245553366395491	0	0.0383963250863122	0.0383963250863122	4.12096999279902e-05	0.00392885386232785	0.00395847359620703	0.21003137744729	5.40175622478631e-05	0.230377950517873	0.001582662869408	0.00200421665935853	0.000119087396401143	0.000171711947791103	0.000164838799711961	0.00022924904346844	0.00218023181559107	4.61992308698829e-05	0.000140403090042738	0.00482121348967094	2.30996154349414e-06	7.51981270747542e-05	0	0	2.30996154349414e-06	0	0.000144233949747966	0.00500074708207833	0.00500074708207833	4.38892693263888e-05	0.00146357547300686	7.01581046844258e-05	0.191981625431561	0.000144233949747966	0	0.00146357547300686	0.00146357547300686
"Rhus_sp1_M_SD_018"	0.00126049905159718	0.0598838516491223	0.00243973579130256	3.45855223695761e-05	0.000441151751092721	0.00129281270456813	1.38597692609649e-05	1.26450865830788	2.92951771113186e-05	1.39917670634503e-05	1.38275497563219e-05	0.000371045637188431	1.39917670634503e-05	0.000658064303836508	2.67436968258283e-05	1.26043357455063e-05	0.000658064303836508	0	0.000324664932539877	0	2.67436968258283e-05	0.000658064303836508	0	0.000324664932539877	0.000324664932539877	0	4.61992308698829e-07	4.61992308698829e-07	8.23464818323241e-07	0.00519463892063803	0.000374411755561597	0.000146913554166228	0.00526451443069206	2.77195385219297e-06	0.00457076493742184	0.00025958395920396	0.00448072929087918	0.000418780100036568	3.29385927329297e-06	1.0205921141961e-05	5.04173429820252e-05	0.21502886102625	0.00449288675903199	6.33901430321183e-06	0.210751443051312	0.00020331131594188	0	0	0.210751443051313	0	2.88212686413134e-06	3.49794176586256e-06	3.49794176586256e-06	0.0042774179749373	9.00356465426558e-05	9.27614092971077e-05	2.30996154349415e-06	2.88212686413134e-06	0	9.00356465426558e-05	9.00356465426558e-05
"Aglaia_sp1_M_SD_018"	0.0266645867577701	0.00194812927790269	0.0255796910054907	0.106518453894828	0.0244793338912563	0.00134820754215103	0.000510090562322846	4.39427656669779e-05	1.09270864698643	0.000514948567678302	0.00284769541638481	0.000532529828130197	0.000514948567678302	2.14080140428867e-05	0.0221952220936359	0.000699409539750178	2.14080140428867e-05	0	0.000465963599613922	0	0.0221952220936359	2.14080140428867e-05	0	0.000465963599613922	0.000465963599613922	0	1.70030187440949e-05	1.70030187440949e-05	0.00253615366416257	0.00745541759382276	0.310733109310903	0.00540695996062217	0.000171264112343093	0.000102018112464569	0.0041754063482437	0.0026726346461508	0.00227079300840299	0.00235634217414939	0.0101446146566503	0.282053699571176	0.00279763815900071	0.000146475885556593	0.000363853348303935	0.0095884616786652	7.32379427782965e-06	0.00213164091712422	0	0	7.32379427782965e-06	0	0.00887653782456899	0.000128737141919575	0.000128737141919575	0.000139152091278763	0.00190461333984072	0.000133132457032549	8.50150937204744e-05	0.00887653782456899	0	0.00190461333984072	0.00190461333984072
"Ficus_dammaropsis"	0.0310278000277455	0.000930452509719442	0.00136645739484411	0.00262093691542018	0.0288880715565816	0.000876896999651398	0.03000448249247	2.09876505951754e-05	0.000514948567678302	1.17314738232573	0.0283291332132477	0.000424957662659951	0.0302902394685887	1.02247528540598e-05	0.000428161429793821	0.000825373473045189	1.02247528540598e-05	0	0.000371837954827457	0	0.000428161429793821	1.02247528540598e-05	0	0.000371837954827457	0.000371837954827457	0	0.00100014941641567	0.00100014941641567	6.24032598909566e-05	0.00594940727723931	0.0059942600171135	0.318047514420182	8.17980228324784e-05	0.006000896498494	0.00239660377367498	0.00303495665560006	0.000180332343121731	0.000260020949512242	0.000249613039563826	0.000347148551537923	0.00330149389218076	6.99588353172513e-05	0.000212610393493288	0.00730069471293028	3.49794176586256e-06	0.000113871449570342	0	0	3.49794176586256e-06	0	0.000218411409618348	0.00757255986714718	0.293286845581433	6.64608935513887e-05	0.00221627143055325	0.000106239415664988	0.00500074708207833	0.000218411409618348	0	0.00221627143055325	0.00221627143055325
"Gynotroches_sp1_M_SD_018"	0.0296860686943214	0.000919532058795408	0.00193029480999669	0.08174137421679	0.0276300261898174	0.000854154680330663	0.0280618772395378	2.07413246344829e-05	0.00284769541638481	0.0283291332132477	1.09492366598163	0.00041085224999583	0.0283291332132477	1.01047478988506e-05	0.000966769156677639	0.000789429319709067	1.01047478988506e-05	0	0.000359495718746351	0	0.000966769156677639	1.01047478988506e-05	0	0.000359495718746351	0.000359495718746351	0	0.000935395907984594	0.000935395907984594	0.00194622319563786	0.00575193149994162	0.0135347681934869	0.297455898739101	8.08379831908051e-05	0.00561237544790757	0.0023469722403414	0.00290536173237018	0.000226538762175587	0.000303217014221501	0.00778489278255142	0.0075237050388287	0.00315771727883627	6.91377487816096e-05	0.000208039974730973	0.280542697680139	3.45688743908048e-06	0.000160857900833057	0	0	3.45688743908048e-06	0	0.00681178118473249	0.00708228330331193	0.00708228330331193	6.56808613425292e-05	0.00212043347816581	0.000102713062498957	0.00467697953992297	0.00681178118473249	0	0.00212043347816581	0.00212043347816581
"Myristica_subaluata"	0.0251427280814419	0.0246745348730307	0.024643882339756	0.000640129418094398	0.022807963107417	0.00174197712829517	0.000420948628106555	0.000556568455782646	0.000532529828130197	0.000424957662659951	0.00041085224999583	1.16646374505308	0.000424957662659951	0.000271148734868469	0.000485910684328426	0.000651656088783344	0.000271148734868469	0	0.0206557769214467	0	0.000485910684328426	0.000271148734868469	0	0.0206557769214467	0.0206557769214467	0	1.40316209368852e-05	1.40316209368852e-05	1.52411766212952e-05	0.330492430743148	0.00680274958059797	0.00446205545792949	0.00216918987894775	8.4189725621311e-05	0.0056120327869658	0.00257112583212423	0.00381612363829139	0.00234398638302886	6.09647064851808e-05	0.000186476575207082	0.00260662435513338	0.00185522818594216	0.00205279629802758	0.000156057180673491	9.27614092971077e-05	0.00205365686164634	0	0	9.27614092971078e-05	0	5.33441181745332e-05	0.000106239415664988	0.000106239415664988	0.00176246677664505	0.00179590914867442	0.29161593626327	7.01581046844259e-05	5.33441181745332e-05	0	0.00179590914867442	0.00179590914867442
"Symplocos_sp1_M_SD_018"	0.0310278000277455	0.000930452509719442	0.00136645739484411	0.00262093691542018	0.0288880715565816	0.000876896999651398	0.03000448249247	2.09876505951754e-05	0.000514948567678302	0.0302902394685887	0.0283291332132477	0.000424957662659951	1.17314738232573	1.02247528540598e-05	0.000428161429793821	0.000825373473045189	1.02247528540598e-05	0	0.000371837954827457	0	0.000428161429793821	1.02247528540598e-05	0	0.000371837954827457	0.000371837954827457	0	0.00100014941641567	0.00100014941641567	6.24032598909566e-05	0.00594940727723931	0.0059942600171135	0.318047514420182	8.17980228324784e-05	0.006000896498494	0.00239660377367498	0.00303495665560006	0.000180332343121731	0.000260020949512242	0.000249613039563826	0.000347148551537923	0.00330149389218076	6.99588353172513e-05	0.000212610393493288	0.00730069471293028	3.49794176586256e-06	0.000113871449570342	0	0	3.49794176586256e-06	0	0.000218411409618348	0.293286845581433	0.00757255986714718	6.64608935513887e-05	0.00221627143055325	0.000106239415664988	0.00500074708207833	0.000218411409618348	0	0.00221627143055325	0.00221627143055325
"Dracantomelon_sp1_M_SD_018"	0.00184226784464203	0.0875225524102556	0.00356576769498066	5.05480711555344e-05	0.000644760251597053	0.00188949549129188	2.02565858429487e-05	0.00197419291150952	4.28160280857733e-05	2.04495057081196e-05	2.02094957977013e-05	0.000542297469736938	2.04495057081196e-05	1.0778848632133	3.90869415146722e-05	1.84217214742015e-05	0.0778848632132995	0	0.00047451028601982	0	3.90869415146722e-05	0.0778848632132995	0	0.00047451028601982	0.00047451028601982	0	6.75219528098289e-07	6.75219528098289e-07	1.2035255037032e-06	0.00759216457631713	0.000547217181205411	0.000214719809935256	0.623078905706396	4.05131716858973e-06	0.00668034875469345	0.000379391940375019	0.00654875819436189	0.000612063223130369	4.8141020148128e-06	1.49163462844045e-05	7.36868858968061e-05	0.00658064303836508	0.00656652680166214	9.26471321238652e-06	0.000329032151918254	0.000297147307915055	0	0	0.000329032151918254	0	4.21233926296119e-06	5.1123764270299e-06	5.1123764270299e-06	0.00625161088644683	0.000131590560331574	0.000135574367434234	3.37609764049144e-06	4.2123392629612e-06	0	0.000131590560331574	0.000131590560331574
"Dysoxylum_sp1_M_SD_018"	0.0486333714175209	0.00355691167783517	0.0467339183075284	0.0510436639983065	0.0446465771642158	0.00246091886530314	0.000848244342044363	8.0231090477485e-05	0.0443904441872718	0.000856322859587642	0.00193353831335528	0.000971821368656853	0.000856322859587642	3.90869415146722e-05	1.04055263175894	0.00127561649040616	3.90869415146722e-05	0	0.000850343697574746	0	0.040552631758936	3.90869415146722e-05	0	0.000850343697574746	0.000850343697574746	0	2.82748114014788e-05	2.82748114014788e-05	0.00121532533329301	0.0136054991611959	0.567736844625104	0.00899139002567024	0.000312695532117378	0.000169648868408873	0.00762237055624803	0.00487481086063877	0.00414855831213941	0.00430464633651122	0.00486130133317205	0.0153512497133435	0.00510246596162466	0.000267436968258283	0.000664218264062559	0.00473702324486436	1.33718484129142e-05	0.00389449319229403	0	0	1.33718484129142e-05	0	0.00425363866652554	0.000214080714896911	0.000214080714896911	0.000254065119845369	0.00347381224410863	0.000242955342164213	0.000141374057007394	0.00425363866652554	0	0.00347381224410863	0.00347381224410863
"Eurya_sp1_M_SD_018"	0.00445204327249063	0.00167637665415234	0.00299973833763606	0.00171726703802014	0.155222227332082	0.004540554890741	0.0016351738616933	3.78130072365189e-05	0.00139881907950036	0.00165074694609038	0.00157885863941813	0.00130331217756669	0.00165074694609038	1.84217214742015e-05	0.00127561649040616	1.14729206363806	1.84217214742015e-05	0	0.00114039815537085	0	0.00127561649040616	1.84217214742015e-05	0	0.00114039815537085	0.00114039815537085	0	5.45057953897766e-05	5.45057953897766e-05	4.08873104290509e-05	0.0182463704859336	0.0178586308656863	0.017332842933949	0.000147373771793612	0.00032703477233866	0.000687722475277502	0.016278981881665	0.000369719384385315	0.00100673734325984	0.000163549241716204	0.000492810356376767	0.589168254552238	0.000126043357455063	0.000876500338039143	0.000537820246356212	6.30216787275315e-06	0.000249978194803005	0	0	6.30216787275316e-06	0	0.000143105586501678	0.000412686736522595	0.000412686736522595	0.00011974118958231	0.000318003090892188	0.000325828044391672	0.000272528976948883	0.000143105586501678	0	0.000318003090892188	0.000318003090892188
"Ficus_sp2_M_SD_018"	0.00184226784464203	0.0875225524102556	0.00356576769498066	5.05480711555344e-05	0.000644760251597053	0.00188949549129188	2.02565858429487e-05	0.00197419291150952	4.28160280857733e-05	2.04495057081196e-05	2.02094957977013e-05	0.000542297469736938	2.04495057081196e-05	0.0778848632132995	3.90869415146722e-05	1.84217214742015e-05	1.0778848632133	0	0.00047451028601982	0	3.90869415146722e-05	0.0778848632132995	0	0.00047451028601982	0.00047451028601982	0	6.75219528098289e-07	6.75219528098289e-07	1.2035255037032e-06	0.00759216457631713	0.000547217181205411	0.000214719809935256	0.623078905706396	4.05131716858973e-06	0.00668034875469345	0.000379391940375019	0.00654875819436189	0.000612063223130369	4.8141020148128e-06	1.49163462844045e-05	7.36868858968061e-05	0.00658064303836508	0.00656652680166214	9.26471321238652e-06	0.000329032151918254	0.000297147307915055	0	0	0.000329032151918254	0	4.21233926296119e-06	5.1123764270299e-06	5.1123764270299e-06	0.00625161088644683	0.000131590560331574	0.000135574367434234	3.37609764049144e-06	4.2123392629612e-06	0	0.000131590560331574	0.000131590560331574
"Ficus_sp4_M_SD_018"	0	0	0	0	0	0	0	0	0	0	0	0	0	0	0	0	0	1.33333333333333	0	0	0	0	0	0	0	0	0	0	0	0	0	0	0	0	0	0	0	0	0	0	0	0	0	0	0	0	0	0.666666666666667	0	0	0	0	0	0	0	0	0	0	0	0	0
"Ficus_sp5_M_SD_018"	0.0439997741425233	0.0431804360278037	0.0431267940945731	0.0011202264816652	0.0399139354379798	0.00304845997451654	0.000736660099186472	0.000973994797619631	0.000931927199227845	0.000743675909654914	0.000718991437492702	0.0413115538428935	0.000743675909654914	0.00047451028601982	0.000850343697574746	0.00114039815537085	0.00047451028601982	0	1.03614760961253	0	0.000850343697574746	0.00047451028601982	0	0.0361476096125318	0.0361476096125318	0	2.45553366395491e-05	2.45553366395491e-05	2.66720590872666e-05	0.578361753800509	0.0119048117660465	0.0078085970513766	0.00379608228815856	0.000147332019837294	0.00982105737719016	0.00449947020621741	0.00667821636700993	0.00410197617030051	0.000106688236349066	0.000326334006612394	0.00456159262148341	0.00324664932539877	0.00359239352154826	0.000273100066178609	0.000162332466269939	0.00359389950788109	0	0	0.000162332466269939	0	9.3352206805433e-05	0.000185918977413728	0.000185918977413729	0.00308431685912883	0.00314284101018024	0.0103278884607234	0.000122776683197745	9.33522068054331e-05	0	0.00314284101018024	0.00314284101018024
"Heritiera_sp1_M_SD_018"	0	0	0	0	0	0	0	0	0	0	0	0	0	0	0	0	0	0	0	1.33333333333333	0	0	0	0	0	0	0	0	0	0	0	0	0	0	0	0	0	0	0	0	0	0	0	0	0	0	0.666666666666667	0	0	0	0	0	0	0	0	0	0	0	0	0	0
"Musa_sp1_M_SD_018"	0.0486333714175209	0.00355691167783517	0.0467339183075284	0.0510436639983065	0.0446465771642158	0.00246091886530314	0.000848244342044363	8.0231090477485e-05	0.0443904441872718	0.000856322859587642	0.00193353831335528	0.000971821368656853	0.000856322859587642	3.90869415146722e-05	0.040552631758936	0.00127561649040616	3.90869415146722e-05	0	0.000850343697574746	0	1.04055263175894	3.90869415146722e-05	0	0.000850343697574746	0.000850343697574746	0	2.82748114014788e-05	2.82748114014788e-05	0.00121532533329301	0.0136054991611959	0.567736844625104	0.00899139002567024	0.000312695532117378	0.000169648868408873	0.00762237055624803	0.00487481086063877	0.00414855831213941	0.00430464633651122	0.00486130133317205	0.0153512497133435	0.00510246596162466	0.000267436968258283	0.000664218264062559	0.00473702324486436	1.33718484129142e-05	0.00389449319229403	0	0	1.33718484129142e-05	0	0.00425363866652554	0.000214080714896911	0.000214080714896911	0.000254065119845369	0.00347381224410863	0.000242955342164213	0.000141374057007394	0.00425363866652554	0	0.00347381224410863	0.00347381224410863
"Myristica_fatua"	0.00184226784464203	0.0875225524102556	0.00356576769498066	5.05480711555344e-05	0.000644760251597053	0.00188949549129188	2.02565858429487e-05	0.00197419291150952	4.28160280857733e-05	2.04495057081196e-05	2.02094957977013e-05	0.000542297469736938	2.04495057081196e-05	0.0778848632132995	3.90869415146722e-05	1.84217214742015e-05	0.0778848632132995	0	0.00047451028601982	0	3.90869415146722e-05	1.0778848632133	0	0.00047451028601982	0.00047451028601982	0	6.75219528098289e-07	6.75219528098289e-07	1.2035255037032e-06	0.00759216457631713	0.000547217181205411	0.000214719809935256	0.623078905706396	4.05131716858973e-06	0.00668034875469345	0.000379391940375019	0.00654875819436189	0.000612063223130369	4.8141020148128e-06	1.49163462844045e-05	7.36868858968061e-05	0.00658064303836508	0.00656652680166214	9.26471321238652e-06	0.000329032151918254	0.000297147307915055	0	0	0.000329032151918254	0	4.21233926296119e-06	5.1123764270299e-06	5.1123764270299e-06	0.00625161088644683	0.000131590560331574	0.000135574367434234	3.37609764049144e-06	4.2123392629612e-06	0	0.000131590560331574	0.000131590560331574
"Osmoxylum_sp1_M_SD_018"	0	0	0	0	0	0	0	0	0	0	0	0	0	0	0	0	0	0	0	0	0	0	1.33333333333333	0	0	0	0	0	0	0	0	0	0	0	0	0	0	0	0	0	0	0	0	0	0	0	0	0	0	0	0	0	0	0	0	0	0	0	0.666666666666667	0	0
"Pandanus_limbatus"	0.0439997741425233	0.0431804360278037	0.0431267940945731	0.0011202264816652	0.0399139354379798	0.00304845997451654	0.000736660099186472	0.000973994797619631	0.000931927199227845	0.000743675909654914	0.000718991437492702	0.0413115538428935	0.000743675909654914	0.00047451028601982	0.000850343697574746	0.00114039815537085	0.00047451028601982	0	0.0361476096125318	0	0.000850343697574746	0.00047451028601982	0	1.03614760961253	0.0361476096125318	0	2.45553366395491e-05	2.45553366395491e-05	2.66720590872666e-05	0.578361753800509	0.0119048117660465	0.0078085970513766	0.00379608228815856	0.000147332019837294	0.00982105737719016	0.00449947020621741	0.00667821636700993	0.00410197617030051	0.000106688236349066	0.000326334006612394	0.00456159262148341	0.00324664932539877	0.00359239352154826	0.000273100066178609	0.000162332466269939	0.00359389950788109	0	0	0.000162332466269939	0	9.3352206805433e-05	0.000185918977413728	0.000185918977413729	0.00308431685912883	0.00314284101018024	0.0103278884607234	0.000122776683197745	9.33522068054331e-05	0	0.00314284101018024	0.00314284101018024
"Piper_sp1_M_SD_018"	0.0439997741425233	0.0431804360278037	0.0431267940945731	0.0011202264816652	0.0399139354379798	0.00304845997451654	0.000736660099186472	0.000973994797619631	0.000931927199227845	0.000743675909654914	0.000718991437492702	0.0413115538428935	0.000743675909654914	0.00047451028601982	0.000850343697574746	0.00114039815537085	0.00047451028601982	0	0.0361476096125318	0	0.000850343697574746	0.00047451028601982	0	0.0361476096125318	1.03614760961253	0	2.45553366395491e-05	2.45553366395491e-05	2.66720590872666e-05	0.578361753800509	0.0119048117660465	0.0078085970513766	0.00379608228815856	0.000147332019837294	0.00982105737719016	0.00449947020621741	0.00667821636700993	0.00410197617030051	0.000106688236349066	0.000326334006612394	0.00456159262148341	0.00324664932539877	0.00359239352154826	0.000273100066178609	0.000162332466269939	0.00359389950788109	0	0	0.000162332466269939	0	9.3352206805433e-05	0.000185918977413728	0.000185918977413729	0.00308431685912883	0.00314284101018024	0.0103278884607234	0.000122776683197745	9.33522068054331e-05	0	0.00314284101018024	0.00314284101018024
"Poikilospermum_sp1_M_SD_018"	0	0	0	0	0	0	0	0	0	0	0	0	0	0	0	0	0	0	0	0	0	0	0	0	0	1.33333333333333	0	0	0	0	0	0	0	0	0	0	0	0	0	0	0	0	0	0	0	0	0	0	0	0.666666666666667	0	0	0	0	0	0	0	0	0	0	0
"Schefflera_sp1_M_SD_018"	0.00204900566220961	6.14449770569443e-05	9.02377524897051e-05	0.000173080739697559	0.00190770283864218	5.79082924298093e-05	0.115188975258937	1.38597692609649e-06	3.40060374881898e-05	0.00200029883283133	0.00187079181596919	2.80632418737703e-05	0.00200029883283133	6.75219528098289e-07	2.82748114014788e-05	5.45057953897767e-05	6.75219528098289e-07	0	2.45553366395491e-05	0	2.82748114014788e-05	6.75219528098289e-07	0	2.45553366395491e-05	2.45553366395491e-05	0	1.10383963250863	0.103839632508631	4.12096999279902e-06	0.000392885386232785	0.000395847359620703	0.021003137744729	5.40175622478631e-06	0.623037795051788	0.0001582662869408	0.000200421665935853	1.19087396401143e-05	1.71711947791103e-05	1.64838799711961e-05	2.2924904346844e-05	0.000218023181559107	4.61992308698829e-06	1.40403090042738e-05	0.000482121348967094	2.30996154349414e-07	7.51981270747542e-06	0	0	2.30996154349415e-07	0	1.44233949747966e-05	0.000500074708207833	0.000500074708207833	4.38892693263888e-06	0.000146357547300686	7.01581046844259e-06	0.0191981625431561	1.44233949747966e-05	0	0.000146357547300686	0.000146357547300686
"Sloanea_sp1_M_SD_018"	0.00204900566220961	6.14449770569443e-05	9.02377524897051e-05	0.000173080739697559	0.00190770283864218	5.79082924298093e-05	0.115188975258937	1.38597692609649e-06	3.40060374881898e-05	0.00200029883283133	0.00187079181596919	2.80632418737703e-05	0.00200029883283133	6.75219528098289e-07	2.82748114014788e-05	5.45057953897767e-05	6.75219528098289e-07	0	2.45553366395491e-05	0	2.82748114014788e-05	6.75219528098289e-07	0	2.45553366395491e-05	2.45553366395491e-05	0	0.103839632508631	1.10383963250863	4.12096999279902e-06	0.000392885386232785	0.000395847359620703	0.021003137744729	5.40175622478631e-06	0.623037795051788	0.0001582662869408	0.000200421665935853	1.19087396401143e-05	1.71711947791103e-05	1.64838799711961e-05	2.2924904346844e-05	0.000218023181559107	4.61992308698829e-06	1.40403090042738e-05	0.000482121348967094	2.30996154349414e-07	7.51981270747542e-06	0	0	2.30996154349415e-07	0	1.44233949747966e-05	0.000500074708207833	0.000500074708207833	4.38892693263888e-06	0.000146357547300686	7.01581046844259e-06	0.0191981625431561	1.44233949747966e-05	0	0.000146357547300686	0.000146357547300686
"Syzigium_sp1_M_SD_018"	0.00155740428948342	0.000109520820836991	0.00140343123173327	0.169918213776567	0.00143105586501678	7.65374585486251e-05	0.000123629099783971	2.47039445496972e-06	0.00507230732832514	0.000124806519781913	0.00389244639127571	3.04823532425904e-05	0.000124806519781913	1.2035255037032e-06	0.00121532533329301	4.08873104290509e-05	1.2035255037032e-06	0	2.66720590872666e-05	0	0.00121532533329301	1.2035255037032e-06	0	2.66720590872666e-05	2.66720590872666e-05	0	4.12096999279902e-06	4.12096999279902e-06	1.14690281461373	0.000426752945396266	0.0170145546661022	0.00131046845771009	9.62820402962559e-06	2.47258199567941e-05	0.00023601868195304	0.000155861829593116	0.00012477551841851	0.000129708845735876	0.587611258454911	0.0154279279801285	0.000163549241716204	8.23464818323242e-06	2.05791588655083e-05	0.0151329627458662	4.11732409161621e-07	0.000116952602644439	0	0	4.11732409161621e-07	0	0.0141598511480472	3.12016299454783e-05	3.12016299454783e-05	7.8229157740708e-06	0.00011124316353453	7.6205883106476e-06	2.06048499639951e-05	0.0141598511480472	0	0.00011124316353453	0.00011124316353453
"Manucodia_chalybata"	0.0879995482850467	0.0863608720556074	0.0862535881891462	0.00224045296333039	0.0798278708759597	0.00609691994903309	0.00147332019837294	0.00194798959523926	0.00186385439845569	0.00148735181930983	0.0014379828749854	0.082623107685787	0.00148735181930983	0.000949020572039641	0.00170068739514949	0.0022807963107417	0.000949020572039641	0	0.0722952192250636	0	0.00170068739514949	0.000949020572039641	0	0.0722952192250636	0.0722952192250636	0	4.91106732790981e-05	4.91106732790981e-05	5.33441181745332e-05	1.15672350760102	0.0238096235320929	0.0156171941027532	0.00759216457631713	0.000294664039674589	0.0196421147543803	0.00899894041243482	0.0133564327340199	0.00820395234060103	0.000213376472698133	0.000652668013224788	0.00912318524296682	0.00649329865079754	0.00718478704309651	0.000546200132357217	0.000324664932539877	0.00718779901576218	0	0	0.000324664932539877	0	0.000186704413610866	0.000371837954827457	0.000371837954827457	0.00616863371825767	0.00628568202036048	0.0206557769214468	0.000245553366395491	0.000186704413610866	0	0.00628568202036048	0.00628568202036048
"Parasidea_raggiana"	0.0972667428350417	0.00711382335567034	0.0934678366150568	0.102087327996613	0.0892931543284316	0.00492183773060627	0.00169648868408873	0.00016046218095497	0.0887808883745437	0.00171264571917528	0.00386707662671055	0.00194364273731371	0.00171264571917528	7.81738830293444e-05	0.081105263517872	0.00255123298081233	7.81738830293444e-05	0	0.00170068739514949	0	0.081105263517872	7.81738830293444e-05	0	0.00170068739514949	0.00170068739514949	0	5.65496228029575e-05	5.65496228029575e-05	0.00243065066658602	0.0272109983223919	1.13547368925021	0.0179827800513405	0.000625391064234755	0.000339297736817745	0.0152447411124961	0.00974962172127753	0.00829711662427882	0.00860929267302244	0.0097226026663441	0.030702499426687	0.0102049319232493	0.000534873936516567	0.00132843652812512	0.00947404648972872	2.67436968258283e-05	0.00778898638458807	0	0	2.67436968258284e-05	0	0.00850727733305108	0.000428161429793821	0.000428161429793821	0.000508130239690739	0.00694762448821726	0.000485910684328427	0.000282748114014788	0.00850727733305108	0	0.00694762448821727	0.00694762448821727
"Meliphaga_sp1_M_SD_018"	0.108597300097109	0.00325658378401805	0.00478260088195437	0.00917327920397062	0.101108250448036	0.00306913949877989	0.105015688723645	7.34567770831138e-05	0.00180231998687406	0.106015838140061	0.099151966246367	0.00148735181930983	0.106015838140061	3.57866349892093e-05	0.00149856500427837	0.00288880715565816	3.57866349892093e-05	0	0.0013014328418961	0	0.00149856500427837	3.57866349892093e-05	0	0.0013014328418961	0.0013014328418961	0	0.00350052295745483	0.00350052295745483	0.000218411409618348	0.0208229254703376	0.0209799100598972	1.11316630047064	0.000286293079913674	0.021003137744729	0.00838811320786242	0.0106223482946002	0.000631163200926059	0.000910073323292846	0.000873645638473392	0.00121501993038273	0.0115552286226327	0.000244855923610379	0.000744136377226509	0.025552431495256	1.2242796180519e-05	0.000398550073496197	0	0	1.2242796180519e-05	0	0.000764439933664217	0.0265039595350151	0.0265039595350151	0.000232613127429861	0.00775695000693636	0.000371837954827457	0.0175026147872742	0.000764439933664218	0	0.00775695000693637	0.00775695000693637
"Rhyticeros_plicatus"	0.00368453568928407	0.175045104820511	0.00713153538996132	0.000101096142311069	0.00128952050319411	0.00377899098258376	4.05131716858973e-05	0.00394838582301905	8.56320561715467e-05	4.08990114162392e-05	4.04189915954025e-05	0.00108459493947388	4.08990114162392e-05	0.155769726426599	7.81738830293444e-05	3.68434429484031e-05	0.155769726426599	0	0.000949020572039641	0	7.81738830293444e-05	0.155769726426599	0	0.000949020572039641	0.000949020572039641	0	1.35043905619658e-06	1.35043905619658e-06	2.4070510074064e-06	0.0151843291526343	0.00109443436241082	0.000429439619870512	1.24615781141279	8.10263433717946e-06	0.0133606975093869	0.000758783880750038	0.0130975163887238	0.00122412644626074	9.62820402962559e-06	2.98326925688091e-05	0.000147373771793612	0.0131612860767302	0.0131330536033243	1.8529426424773e-05	0.000658064303836508	0.00059429461583011	0	0	0.000658064303836508	0	8.42467852592239e-06	1.02247528540598e-05	1.02247528540598e-05	0.0125032217728937	0.000263181120663148	0.000271148734868469	6.75219528098289e-06	8.42467852592239e-06	0	0.000263181120663148	0.000263181120663148
"Cicinnurus_magnificus"	0.00409801132441921	0.000122889954113889	0.00018047550497941	0.000346161479395118	0.00381540567728436	0.000115816584859619	0.230377950517873	2.77195385219297e-06	6.80120749763795e-05	0.00400059766566266	0.00374158363193838	5.61264837475407e-05	0.00400059766566266	1.35043905619658e-06	5.65496228029575e-05	0.000109011590779553	1.35043905619658e-06	0	4.91106732790981e-05	0	5.65496228029575e-05	1.35043905619658e-06	0	4.91106732790981e-05	4.91106732790981e-05	0	0.207679265017262	0.207679265017262	8.24193998559804e-06	0.00078577077246557	0.000791694719241405	0.042006275489458	1.08035124495726e-05	1.24607559010358	0.000316532573881601	0.000400843331871706	2.38174792802286e-05	3.43423895582206e-05	3.29677599423922e-05	4.5849808693688e-05	0.000436046363118213	9.23984617397658e-06	2.80806180085475e-05	0.000964242697934188	4.61992308698829e-07	1.50396254149508e-05	0	0	4.61992308698829e-07	0	2.88467899495931e-05	0.00100014941641567	0.00100014941641567	8.77785386527775e-06	0.000292715094601372	1.40316209368852e-05	0.0383963250863123	2.88467899495931e-05	0	0.000292715094601372	0.000292715094601372
"Oriolus_szalayi"	0.203281069857383	0.202637245559035	0.200839163006569	0.00330426154734256	0.00802342887823753	0.00914657964958293	0.001582662869408	0.00457076493742184	0.00278360423216247	0.00159773584911665	0.0015646481602276	0.00374135519131054	0.00159773584911665	0.00222678291823115	0.00254079018541601	0.000229240825092501	0.00222678291823115	0	0.00327368579239672	0	0.00254079018541601	0.00222678291823115	0	0.00327368579239672	0.00327368579239672	0	5.27554289802668e-05	5.27554289802668e-05	7.86728939843466e-05	0.0523789726783475	0.0355710625958242	0.0167762264157248	0.0178142633458492	0.000316532573881601	1.0457307623041	0.00232677282942091	0.0312106858857166	0.0182610268588112	0.000314691575937386	0.00097125618698583	0.000916963300370003	0.0152358831247395	0.0159985189100996	0.000666517169002113	0.000761794156236973	0.016736596917214	0	0	0.000761794156236973	0	0.000275355128945213	0.000399433962279163	0.000399433962279163	0.0144740889685025	0.0145200764183845	0.000935338797827634	0.000263777144901334	0.000275355128945213	0	0.0145200764183845	0.0145200764183845
"Ailuroedus_buccoides"	0.00887535131216537	0.0172623332870634	0.0194781812730946	0.00327309842145543	0.284882182929138	0.294669835391969	0.0030063249890378	0.000389375938805941	0.0026726346461508	0.00303495665560006	0.00290536173237018	0.00257112583212423	0.00303495665560006	0.00018969597018751	0.00243740543031938	0.00813949094083251	0.00018969597018751	0	0.0022497351031087	0	0.00243740543031938	0.00018969597018751	0	0.0022497351031087	0.0022497351031087	0	0.000100210832967927	0.000100210832967927	7.79309147965579e-05	0.0359957616497392	0.0341236760244714	0.0318670448838007	0.00151756776150008	0.000601264997807559	0.00349015924413136	1.07759985752491	0.0028562055789767	0.0507348210047526	0.000311723659186231	0.000940916863325651	0.03255796376333	0.0012979197960198	0.0503446630382136	0.000999098634880497	6.48959898009901e-05	0.00162318177275788	0	0	6.48959898009901e-05	0	0.000272758201787952	0.000758739163900015	0.000758739163900016	0.00123302380621881	0.000633953665154669	0.000642781458031058	0.000501054164839633	0.000272758201787952	0	0.000633953665154669	0.000633953665154669
"Coracina_boyeri"	0.0149787115645836	0.297968497843466	0.293551880735998	0.00262028588678871	0.00647008922674301	0.0132551799378144	0.000178631094601715	0.00672109393631878	0.00227079300840299	0.000180332343121731	0.000226538762175587	0.00381612363829139	0.000180332343121731	0.00327437909718094	0.0020742791560697	0.000184859692192657	0.00327437909718094	0	0.00333910818350496	0	0.0020742791560697	0.00327437909718094	0	0.00333910818350496	0.00333910818350496	0	5.95436982005715e-06	5.95436982005715e-06	6.23877592092549e-05	0.0534257309360794	0.0290399081849758	0.00189348960277817	0.0261950327774475	3.57262189203429e-05	0.0468160288285748	0.0028562055789767	1.04574612085968	0.0266718533843022	0.00024955103683702	0.000786055409333139	0.00073943876877063	0.0224036464543959	0.0234926607879785	0.000274991847776289	0.0011201823227198	0.0244626567279999	0	0	0.0011201823227198	0	0.000218357157232392	4.50830857804327e-05	4.50830857804327e-05	0.0212834641316761	0.00106990796889882	0.000954030909572846	2.97718491002858e-05	0.000218357157232392	0	0.00106990796889882	0.00106990796889882
"Coracina_schisticeps"	0.0100756166548037	0.0278488766524318	0.296191774909543	0.00272388576045341	0.0176179035070472	0.293838183924288	0.000257567921686655	0.000628170150054852	0.00235634217414939	0.000260020949512242	0.000303217014221501	0.00234398638302886	0.000260020949512242	0.000306031611565184	0.00215232316825561	0.000503368671629919	0.000306031611565184	0	0.00205098808515026	0	0.00215232316825561	0.000306031611565184	0	0.00205098808515026	0.00205098808515026	0	8.58559738955515e-06	8.58559738955515e-06	6.48544228679383e-05	0.0328158093624041	0.0301325243555786	0.00273021996987854	0.00244825289252147	5.15135843373309e-05	0.0273915402882168	0.0507348210047527	0.0266718533843023	1.07365567856318	0.000259417691471753	0.000816076023575132	0.00201347468651968	0.00209390050018284	0.0509622361292217	0.000302794733593159	0.000104695025009142	0.0246826479091285	0	0	0.000104695025009142	0	0.000226990480037784	6.50052373780604e-05	6.50052373780605e-05	0.0019892054751737	0.00071968690391455	0.000585996595757216	4.29279869477758e-05	0.000226990480037784	0	0.000719686903914551	0.000719686903914551
