"Cyprinus_carpio_(exotic)"	"Chalcalburnus_sp"	"Mastacembelus_mastacembelus"	"Hypophthalmichthys_molitrix"	"Capoeta_damascina"	"Ctenopharyngodon"	"Carassius_carassius_(exotic)"	"Barbus_cyclolepis"	"Diplostomum_spathaceum"	"Argulus_sp1"	"Argulus_sp2"	"Lernaea_cyprinacea"	"Myxobolus_molnari"	"Mastacembelocleidus_heteranchorus"	"Dactylogyrus_extensus"	"Dactylogyrus_alatus"	"Dactylogyrus_hypophthalmichthys"	"Dactylogyrus_carassobarbi"	"Dactylogyrus_lenkorani"	"Dactylogyrus_lamellatus"	"Dactylogyrus_goktschaicus"	"Dactylogyrus_suchengtaii"	"Dogielius_molnari"	"Gyrodactylus_sp"	"Gyrodactylus_stankovici"	"Ligula_intestinalis"	"Polyonchobothrium_sp"	"Pseudocapillaria_tomentosa"
"Cyprinus_carpio_(exotic)"	2.67359222186014	0.742494112036958	0.939247504358566	0.653526622281051	0	0.159434128025156	0.0948633061749675	0	0.527018367638709	0.770934867748939	0.770934867748939	0.541925958932806	0.111374116805544	0.140887125653785	0.401038833279022	0.111374116805544	0.117634792010589	0	0	0.07174535761132	0	0.117634792010589	0	0	0.401038833279022	0.111374116805544	0.140887125653785	0.401038833279022
"Chalcalburnus_sp"	0.742494112036958	2.51857951573195	0.828185908563029	0.737507118136853	0	0.273599523679027	0.162791716589021	0	0.904398425494562	0.746140211714425	0.746140211714424	0.235602003089998	0.377786927359793	0.124227886284454	0.111374116805544	0.377786927359793	0.132751281264634	0	0	0.123119785655562	0	0.132751281264633	0	0	0.111374116805544	0.377786927359793	0.124227886284454	0.111374116805544
"Mastacembelus_mastacembelus"	0.939247504358566	0.828185908563029	2.34893558058748	0.728950614785507	0	0.261967577706746	0.155870708735514	0	0.865948381863966	0.748666459687753	0.748666459687752	0.493227462741907	0.124227886284454	0.352340337088122	0.140887125653785	0.124227886284454	0.131211110661391	0	0	0.117885409968036	0	0.131211110661391	0	0	0.140887125653785	0.124227886284454	0.352340337088122	0.140887125653785
"Hypophthalmichthys_molitrix"	0.784231946737261	0.885008541764223	0.874740737742608	2.25825455968892	0	0.288979378560393	0.171942730243434	0	0.955237390241298	0.78808300468062	0.78808300468062	0.24884590267198	0.132751281264633	0.131211110661391	0.117634792010589	0.132751281264633	0.406485820744006	0	0	0.130040720352177	0	0.406485820744006	0	0	0.117634792010589	0.132751281264634	0.131211110661391	0.117634792010589
"Capoeta_damascina"	0	0	0	0	5.26315789473684	0	0	0	0	0	0	0	0	0	0	0	0	1.18421052631579	1.18421052631579	0	0	0	1.18421052631579	1.18421052631579	0	0	0	0
"Ctenopharyngodon"	0.478302384075467	0.820798571037082	0.785902733120238	0.722448446400982	0	2.1665866834502	0.289119076652871	0	1.60621709251595	0.442791273587095	0.442791273587095	0.189630767579356	0.123119785655562	0.117885409968036	0.07174535761132	0.123119785655562	0.130040720352177	0	0	0.974964007552592	0	0.130040720352177	0	0	0.07174535761132	0.123119785655562	0.117885409968036	0.07174535761132
"Carassius_carassius_(exotic)"	0.569179837049805	0.976750299534127	0.935224252413083	0.859713651217169	0	0.578238153305742	1.34405170121692	0	1.91139834009398	0.526921615568643	0.526921615568643	0.225660613419433	0.146512544930119	0.140283637861962	0.0853769755574708	0.146512544930119	0.15474845721909	0	0	0.260207168987584	0	0.15474845721909	0	0	0.0853769755574708	0.146512544930119	0.140283637861962	0.0853769755574708
"Barbus_cyclolepis"	0	0	0	0	0	0	0	5.26315789473684	0	0	0	0	0	0	0	0	0	0	0	0	4.73684210526316	0	0	0	0	0	0	0
"Diplostomum_spathaceum"	0.63242204116645	1.08527811059347	1.03913805823676	0.955237390241299	0	0.64248683700638	0.382279668018796	0	2.12377593343776	0.585468461742936	0.585468461742936	0.250734014910481	0.162791716589021	0.155870708735514	0.0948633061749676	0.162791716589021	0.171942730243434	0	0	0.289119076652871	0	0.171942730243434	0	0	0.0948633061749676	0.162791716589021	0.155870708735514	0.0948633061749676
"Argulus_sp1"	1.15640230162341	1.11921031757164	1.12299968953163	0.985103755850775	0	0.221395636793547	0.131730403892161	0	0.73183557717867	1.68711052236214	0.687110522362141	0.341910298673256	0.167881547635746	0.168449953429744	0.173460345243511	0.167881547635746	0.17731867605314	0	0	0.0996280365570963	0	0.17731867605314	0	0	0.173460345243511	0.167881547635746	0.168449953429744	0.173460345243511
"Argulus_sp2"	1.15640230162341	1.11921031757164	1.12299968953163	0.985103755850775	0	0.221395636793547	0.131730403892161	0	0.73183557717867	0.687110522362141	1.68711052236214	0.341910298673256	0.167881547635746	0.168449953429744	0.173460345243511	0.167881547635746	0.17731867605314	0	0	0.0996280365570963	0	0.17731867605314	0	0	0.173460345243511	0.167881547635746	0.168449953429744	0.173460345243511
"Lernaea_cyprinacea"	1.62577787679842	0.706806009269994	1.47968238822572	0.622114756679951	0	0.189630767579356	0.112830306709717	0	0.626835037276204	0.683820597346511	0.683820597346511	1.46581903975362	0.106020901390499	0.221952358233858	0.243866681519763	0.106020901390499	0.111980656202391	0	0	0.0853338454107101	0	0.111980656202391	0	0	0.243866681519763	0.106020901390499	0.221952358233858	0.243866681519763
"Myxobolus_molnari"	0.668244700833263	2.26672156415876	0.745367317706726	0.663756406323167	0	0.246239571311125	0.146512544930119	0	0.813958582945106	0.671526190542982	0.671526190542982	0.212041802780998	1.34000823462381	0.111805097656009	0.100236705124989	0.340008234623814	0.11947615313817	0	0	0.110807807090006	0	0.11947615313817	0	0	0.100236705124989	0.340008234623814	0.111805097656009	0.100236705124989
"Mastacembelocleidus_heteranchorus"	0.845322753922709	0.745367317706726	2.11404202252873	0.656055553306956	0	0.235770819936071	0.140283637861962	0	0.779353543677569	0.673799813718977	0.673799813718977	0.443904716467716	0.111805097656009	1.31710630337931	0.126798413088406	0.111805097656009	0.118089999595252	0	0	0.106096868971232	0	0.118089999595252	0	0	0.126798413088406	0.111805097656009	0.31710630337931	0.126798413088406
"Dactylogyrus_extensus"	2.40623299967413	0.668244700833262	0.845322753922709	0.588173960052946	0	0.14349071522264	0.0853769755574708	0	0.474316530874838	0.693841380974046	0.693841380974045	0.487733363039526	0.100236705124989	0.126798413088406	1.36093494995112	0.100236705124989	0.10587131280953	0	0	0.064570821850188	0	0.10587131280953	0	0	0.36093494995112	0.100236705124989	0.126798413088406	0.36093494995112
"Dactylogyrus_alatus"	0.668244700833263	2.26672156415876	0.745367317706726	0.663756406323167	0	0.246239571311125	0.146512544930119	0	0.813958582945106	0.671526190542982	0.671526190542982	0.212041802780998	0.340008234623814	0.111805097656009	0.100236705124989	1.34000823462381	0.11947615313817	0	0	0.110807807090006	0	0.11947615313817	0	0	0.100236705124989	0.340008234623814	0.111805097656009	0.100236705124989
"Dactylogyrus_hypophthalmichthys"	0.705808752063535	0.796507687587801	0.787266663968347	2.03242910372003	0	0.260081440704353	0.15474845721909	0	0.859713651217169	0.709274704212558	0.709274704212558	0.223961312404782	0.11947615313817	0.118089999595252	0.10587131280953	0.11947615313817	1.36583723866961	0	0	0.117036648316959	0	0.365837238669606	0	0	0.10587131280953	0.11947615313817	0.118089999595252	0.10587131280953
"Dactylogyrus_carassobarbi"	0	0	0	0	4.73684210526316	0	0	0	0	0	0	0	0	0	0	0	0	2.06578947368421	1.06578947368421	0	0	0	1.06578947368421	1.06578947368421	0	0	0	0
"Dactylogyrus_lenkorani"	0	0	0	0	4.73684210526316	0	0	0	0	0	0	0	0	0	0	0	0	1.06578947368421	2.06578947368421	0	0	0	1.06578947368421	1.06578947368421	0	0	0	0
"Dactylogyrus_lamellatus"	0.43047214566792	0.738718713933373	0.707312459808214	0.650203601760884	0	1.94992801510518	0.260207168987584	0	1.44559538326436	0.398512146228385	0.398512146228385	0.17066769082142	0.110807807090006	0.106096868971232	0.064570821850188	0.110807807090006	0.117036648316959	0	0	1.87746760679733	0	0.117036648316959	0	0	0.064570821850188	0.110807807090006	0.106096868971232	0.064570821850188
"Dactylogyrus_goktschaicus"	0	0	0	0	0	0	0	4.73684210526316	0	0	0	0	0	0	0	0	0	0	0	0	5.26315789473684	0	0	0	0	0	0	0
"Dactylogyrus_suchengtaii"	0.705808752063535	0.796507687587801	0.787266663968347	2.03242910372003	0	0.260081440704354	0.15474845721909	0	0.859713651217168	0.709274704212558	0.709274704212558	0.223961312404782	0.11947615313817	0.118089999595252	0.10587131280953	0.11947615313817	0.365837238669606	0	0	0.117036648316959	0	1.36583723866961	0	0	0.10587131280953	0.11947615313817	0.118089999595252	0.10587131280953
"Dogielius_molnari"	0	0	0	0	4.73684210526316	0	0	0	0	0	0	0	0	0	0	0	0	1.06578947368421	1.06578947368421	0	0	0	2.06578947368421	1.06578947368421	0	0	0	0
"Gyrodactylus_sp"	0	0	0	0	4.73684210526316	0	0	0	0	0	0	0	0	0	0	0	0	1.06578947368421	1.06578947368421	0	0	0	1.06578947368421	2.06578947368421	0	0	0	0
"Gyrodactylus_stankovici"	2.40623299967413	0.668244700833262	0.845322753922709	0.588173960052946	0	0.14349071522264	0.0853769755574708	0	0.474316530874838	0.693841380974045	0.693841380974045	0.487733363039526	0.100236705124989	0.126798413088406	0.36093494995112	0.100236705124989	0.10587131280953	0	0	0.064570821850188	0	0.10587131280953	0	0	1.36093494995112	0.100236705124989	0.126798413088406	0.36093494995112
"Ligula_intestinalis"	0.668244700833263	2.26672156415876	0.745367317706726	0.663756406323167	0	0.246239571311125	0.146512544930119	0	0.813958582945106	0.671526190542982	0.671526190542982	0.212041802780998	0.340008234623814	0.111805097656009	0.100236705124989	0.340008234623814	0.11947615313817	0	0	0.110807807090006	0	0.11947615313817	0	0	0.100236705124989	1.34000823462381	0.111805097656009	0.100236705124989
"Polyonchobothrium_sp"	0.845322753922709	0.745367317706726	2.11404202252873	0.656055553306956	0	0.235770819936071	0.140283637861962	0	0.779353543677569	0.673799813718977	0.673799813718977	0.443904716467716	0.111805097656009	0.31710630337931	0.126798413088406	0.111805097656009	0.118089999595252	0	0	0.106096868971232	0	0.118089999595252	0	0	0.126798413088406	0.111805097656009	1.31710630337931	0.126798413088406
"Pseudocapillaria_tomentosa"	2.40623299967413	0.668244700833262	0.84532275392271	0.588173960052946	0	0.14349071522264	0.0853769755574708	0	0.474316530874838	0.693841380974045	0.693841380974045	0.487733363039526	0.100236705124989	0.126798413088406	0.36093494995112	0.100236705124989	0.10587131280953	0	0	0.064570821850188	0	0.10587131280953	0	0	0.36093494995112	0.100236705124989	0.126798413088406	1.36093494995112
