"Psiadia_terebinthina"	"Gaertnera_sp1_M_PL_079"	"Stillingia_lineata"	"Syzygium_coriaceum"	"Antidesma_madagascariense"	"Psathura_terniflora"	"Tabernaemontana_persicarifolia"	"Labourdonnaisia_callophylloides"	"Euodia_obtusifolia"	"Tristhema_mauritiana"	"Olea_lancea"	"Psidium_cattleianum"	"Villa_unifasciata"	"Nacoleia_sp1_M_PL_079"	"Chaetocnema_sp1_M_PL_079"	"Technomyrmex_albipes"	"Ahasverus_advena"	"Apis_mellifera"	"Dysauxes_florida"	"Brachymyrmex_sp1_M_PL_079"	"Allograpta_nasuta"	"Polistes_hebraeus"	"Syritta_nigrofemorata"	"Chrysomya_megacephala"	"Miridae_sp1_M_PL_079"	"Orthellia_albigena"	"Pachycerina_crinicornis"	"Phalanta_phalantha"	"Phorinia_sp1_M_PL_079"	"Stomorhina_lunata"
"Psiadia_terebinthina"	2.43148056462782	0.553428339865611	0.652569329306457	0.351758098958512	0.201392021398214	0.2369288238655	0.197433667846741	0.140862393550106	0.111529372515897	0.176153097169855	0.104811092816064	0.104811092816064	0.815197388569385	0.286347651102812	0.495686100070656	0.153942867441728	0.440650557034561	0.469541311833688	0.440392436831453	0.0633164578125322	0.341033455858751	0.0996171011758099	0.243148056462782	0.0633164578125322	0.243148056462782	0.0978853993959685	0.0978853993959685	0.0792688937264348	0.0633164578125322	0.243148056462782
"Gaertnera_sp1_M_PL_079"	0.9961710117581	1.98447502591364	0.785030112869653	0.214496756224575	0.111898365851505	0.199061479775469	0.245902523513043	0.187735317468603	0.0702176763603111	0.213776084475772	0.127196770263085	0.127196770263085	0.989308213157325	0.585616157175773	0.312078561601383	0.0889636807536006	0.574577122770714	0.625784391562008	0.239549031707948	0.0386094161204235	0.217371618106258	0.357205504664456	0.09961710117581	0.0386094161204235	0.09961710117581	0.117754516930448	0.117754516930448	0.0961992380140975	0.0386094161204235	0.0996171011758099
"Stillingia_lineata"	0.978853993959685	0.654191760724711	2.26964827399201	0.209249487144571	0.109319093029708	0.193400524849487	0.238067559542032	0.0886191436957876	0.0684679115950831	0.207004632969757	0.123167756617006	0.123167756617006	0.957971440354488	0.565332159823164	0.30430182931148	0.0868584995493913	0.556087157425218	0.295397145652625	0.234109227441606	0.0376649076860227	0.43833264049477	0.117754516930448	0.0978853993959685	0.0376649076860227	0.0978853993959685	0.340447241098801	0.340447241098801	0.0931520848363907	0.0376649076860227	0.0978853993959685
"Syzygium_coriaceum"	0.633164578125322	0.214496756224575	0.251099384573485	2.97112508260131	0.418687320582756	0.131290969271182	0.25964771732982	0.0418873454518996	0.20171297834836	0.0639478366338505	0.038048962797141	0.038048962797141	0.295936377311097	0.193115796604865	0.896502125992712	0.723211809130476	0.139590781618978	0.139624484839665	0.310806688246804	0.534802514868236	0.100981365498555	0.0386094161204234	0.0633164578125322	0.534802514868236	0.0633164578125322	0.0376649076860227	0.0376649076860227	0.0287765264852327	0.534802514868236	0.0633164578125322
"Antidesma_madagascariense"	0.906264096291962	0.279745914628762	0.327957279089124	1.04671830145689	1.75715798753472	0.386259714333207	0.147131663588458	0.0579372633954959	0.0974045320550528	0.117160338978619	0.0697104016922783	0.0697104016922783	0.542192013162164	0.165757105111352	0.43290903135579	0.979130388652863	0.190174266125742	0.19312421131832	1.05516437546976	0.18840929426224	0.139820001492565	0.0503542646331771	0.0906264096291962	0.18840929426224	0.0906264096291962	0.0491935918633686	0.0491935918633686	0.0527221525403785	0.18840929426224	0.0906264096291962
"Psathura_terniflora"	1.06617970739475	0.497653699438672	0.580201574548463	0.328227423177956	0.386259714333207	1.46166850552957	0.135129771916705	0.0806283438240148	0.0639048820835804	0.302878663237407	0.180212804626257	0.180212804626257	1.40165514709311	0.237416299443748	0.284021698149246	0.232897807621975	0.283225872820705	0.268761146080049	0.938185669677726	0.0590809361720321	0.193648206921744	0.089577665898961	0.106617970739475	0.0590809361720321	0.106617970739475	0.0870302361822694	0.0870302361822694	0.136295398456833	0.0590809361720321	0.106617970739475
"Tabernaemontana_persicarifolia"	0.888451505310335	0.614756308782608	0.714202678626097	0.649119293324549	0.147131663588458	0.135129771916705	1.52209300964775	0.0819868299090012	0.251274492132867	0.11827047557008	0.0703709329641977	0.0703709329641977	0.547329478610426	0.90272839171627	1.11677552059052	0.183050721413225	0.306631687905817	0.273289433030004	0.215862796508357	0.116841472798419	0.195975552324948	0.110656135580869	0.0888451505310335	0.116841472798419	0.0888451505310335	0.107130401793914	0.107130401793914	0.053221714006536	0.116841472798419	0.0888451505310335
"Labourdonnaisia_callophylloides"	1.26776154195096	0.938676587343012	0.531714862174726	0.209436727259498	0.115874526790992	0.16125668764803	0.163973659818002	1.49139915339048	0.0672215112281868	0.144220382252492	0.085811127440233	0.085811127440233	0.667419880090701	0.322507161966052	0.298762272125275	0.0898421479626559	0.375495169243047	1.63799717796827	0.251485200692655	0.0376986109067097	0.206533383521305	0.168961785721742	0.126776154195096	0.0376986109067097	0.126776154195096	0.0797572293262089	0.0797572293262089	0.0648991720136215	0.0376986109067097	0.126776154195096
"Euodia_obtusifolia"	1.00376435264308	0.351088381801556	0.410807469570499	1.0085648917418	0.194809064110105	0.127809764167161	0.502548984265734	0.0672215112281868	1.3972597626419	0.0909971290259456	0.0541432917704376	0.0541432917704376	0.421114491547848	0.350964072079435	1.76559894507512	0.269205759363072	0.225193464424163	0.224071704093956	0.245554907989078	0.181541680513524	0.161997555699883	0.06319590872428	0.100376435264308	0.181541680513524	0.100376435264308	0.0616211204355748	0.0616211204355748	0.0409487080616755	0.181541680513524	0.100376435264308
"Tristhema_mauritiana"	0.792688937264348	0.534440211189431	0.621013898909272	0.159869591584626	0.117160338978619	0.302878663237406	0.11827047557008	0.0721101911262462	0.0454985645129728	2.05444156272321	0.222392729820313	0.222392729820313	1.72972123193577	0.242573036857024	0.202215842279879	0.0814986790256112	0.268620216576923	0.240367303754154	0.268286444723646	0.0287765264852327	0.172420978562826	0.0961992380140975	0.0792688937264348	0.0287765264852327	0.0792688937264348	0.0931520848363907	0.0931520848363907	0.924498703225446	0.0287765264852327	0.0792688937264348
"Olea_lancea"	0.943299835344574	0.635983851315423	0.739006539702034	0.190244813985705	0.139420803384556	0.360425609252514	0.140741865928395	0.085811127440233	0.0541432917704376	0.444785459640625	1.26464734848617	0.264647348486172	2.05836826600356	0.288661913859859	0.240636852313056	0.0969834280404773	0.319658057726539	0.286037091467443	0.319260869221139	0.0342440665174269	0.205180964489762	0.114477093236776	0.0943299835344574	0.0342440665174269	0.0943299835344574	0.110850980955305	0.110850980955305	0.200153456838281	0.0342440665174269	0.0943299835344574
"Psidium_cattleianum"	0.943299835344574	0.635983851315423	0.739006539702034	0.190244813985705	0.139420803384556	0.360425609252514	0.140741865928395	0.085811127440233	0.0541432917704376	0.444785459640625	0.264647348486172	1.26464734848617	2.05836826600356	0.288661913859859	0.240636852313056	0.0969834280404773	0.319658057726539	0.286037091467443	0.319260869221139	0.0342440665174269	0.205180964489762	0.114477093236776	0.0943299835344574	0.0342440665174269	0.0943299835344574	0.110850980955305	0.110850980955305	0.200153456838281	0.0342440665174269	0.0943299835344574
"Villa_unifasciata"	1.04811092816064	0.706648723683803	0.821118377446704	0.211383126650784	0.154912003760618	0.40047289916946	0.15637985103155	0.0953456971558144	0.060159213078264	0.494206066267361	0.29405260942908	0.29405260942908	2.28707585111507	0.320735459844288	0.26737428034784	0.107759364489419	0.355175619696154	0.317818990519381	0.354734299134599	0.038048962797141	0.227978849433069	0.127196770263085	0.104811092816064	0.038048962797141	0.104811092816064	0.123167756617006	0.123167756617006	0.222392729820313	0.038048962797141	0.104811092816064
"Nacoleia_sp1_M_PL_079"	0.859042953308436	0.976026928626289	1.13066431964633	0.321859661008108	0.110504736740901	0.158277532962498	0.601818927810847	0.107502387322017	0.116988024026478	0.161715357904683	0.0962206379532864	0.0962206379532864	0.748382739636672	1.61610301261456	0.519946773451015	0.107661870514865	0.431188790430525	0.358341291073391	0.206856316697373	0.0579347389814595	0.255503943277793	0.175684847152732	0.0859042953308436	0.0579347389814595	0.0859042953308436	0.169599647946949	0.169599647946949	0.0727719110571073	0.0579347389814595	0.0859042953308436
"Chaetocnema_sp1_M_PL_079"	1.11529372515898	0.390098202001729	0.456452743967221	1.12062765749089	0.216454515677895	0.142010849074623	0.55838776029526	0.0746905680313186	0.441399736268781	0.10110792113994	0.060159213078264	0.060159213078264	0.46790499060872	0.389960080088261	1.96177660563903	0.299117510403413	0.250214960471292	0.248968560104395	0.272838786654531	0.20171297834836	0.179997284110981	0.0702176763603111	0.111529372515897	0.20171297834836	0.111529372515897	0.0684679115950831	0.0684679115950831	0.0454985645129728	0.20171297834836	0.111529372515897
"Technomyrmex_albipes"	0.692742903487778	0.222409201884001	0.260575498648174	1.80802952282619	0.979130388652863	0.232897807621975	0.183050721413225	0.044921073981328	0.134602879681536	0.0814986790256112	0.0484917140202387	0.0484917140202387	0.377157775712968	0.161492805772298	0.598235020806826	1.7660539890025	0.148394271485124	0.149736913271093	0.614686978672455	0.325445314108714	0.108360615146004	0.0400336563391203	0.0692742903487778	0.325445314108715	0.0692742903487778	0.0390863247972261	0.0390863247972261	0.036674405561525	0.325445314108715	0.0692742903487778
"Ahasverus_advena"	1.32195167110368	0.95762853795119	1.11217431485044	0.232651302698297	0.126782844083828	0.188817248547137	0.204421125270545	0.125165056414349	0.0750644881413875	0.179080144384615	0.106552685908846	0.106552685908846	0.828743112624359	0.431188790430525	0.333619947295056	0.0989295143234161	1.47139445116915	0.417216854714496	0.274215208794302	0.0418772344856935	0.299021314337934	0.172373136831214	0.132195167110368	0.0418772344856935	0.132195167110368	0.166826147227565	0.166826147227565	0.0805860649730769	0.0418772344856935	0.132195167110368
"Apis_mellifera"	1.40862393550106	1.04297398593668	0.590794291305251	0.232707474732776	0.128749474212213	0.1791740973867	0.182192955353336	0.545999059322757	0.0746905680313187	0.160244869169436	0.0953456971558144	0.0953456971558144	0.741577644545223	0.358341291073391	0.331958080139194	0.0998246088473955	0.417216854714497	1.81999686440919	0.279428000769617	0.0418873454518996	0.229481537245894	0.187735317468602	0.140862393550106	0.0418873454518996	0.140862393550106	0.0886191436957876	0.0886191436957876	0.0721101911262462	0.0418873454518996	0.140862393550106
"Dysauxes_florida"	1.32117731049436	0.399248386179913	0.468218454883213	0.518011147078007	0.703442916979841	0.625457113118484	0.143908531005571	0.0838284002308851	0.0818516359963592	0.178857629815764	0.10642028974038	0.10642028974038	0.827713364647398	0.206856316697373	0.363785048872708	0.40979131911497	0.274215208794302	0.279428000769617	1.73012274459368	0.0932420064740413	0.202350499281918	0.0718647095123844	0.132117731049436	0.0932420064740413	0.132117731049436	0.070232768232482	0.070232768232482	0.0804859334170938	0.0932420064740413	0.132117731049436
"Brachymyrmex_sp1_M_PL_079"	0.56984812031279	0.193047080602117	0.225989446116136	2.67401257434118	0.37681858852448	0.118161872344064	0.233682945596838	0.0376986109067096	0.181541680513524	0.0575530529704654	0.0342440665174269	0.0342440665174269	0.266342739579987	0.173804216944379	0.80685191339344	0.650890628217429	0.125631703457081	0.125662036355699	0.279726019422124	1.48132226338141	0.0908832289486994	0.0347484745083811	0.056984812031279	0.481322263381413	0.056984812031279	0.0338984169174204	0.0338984169174204	0.0258988738367094	0.481322263381413	0.056984812031279
"Allograpta_nasuta"	1.53465055136438	0.543429045265645	1.31499792148431	0.252453413746387	0.139820001492565	0.193648206921744	0.195975552324948	0.103266691760652	0.0809987778499413	0.172420978562826	0.102590482244881	0.102590482244881	0.797925973015743	0.383255914916689	0.359994568221961	0.108360615146004	0.448531971506901	0.344222305868841	0.303525748922877	0.0454416144743497	1.35071474335908	0.0978172281478161	0.153465055136438	0.0454416144743497	0.153465055136438	0.197249688222646	0.197249688222646	0.0775894403532715	0.0454416144743497	0.153465055136438
"Polistes_hebraeus"	0.89655391058229	1.78602752332228	0.706527101582688	0.193047080602117	0.100708529266354	0.179155331797922	0.221312271161739	0.168961785721742	0.06319590872428	0.192398476028195	0.114477093236776	0.114477093236776	0.890377391841592	0.527054541458196	0.280870705441245	0.0800673126782405	0.517119410493643	0.563205952405807	0.215594128537153	0.0347484745083811	0.195634456295632	1.32148495419801	0.089655391058229	0.0347484745083811	0.089655391058229	0.105979065237403	0.105979065237403	0.0865793142126878	0.0347484745083811	0.089655391058229
"Syritta_nigrofemorata"	2.18833250816504	0.49808550587905	0.587312396375811	0.316582289062661	0.181252819258392	0.21323594147895	0.177690301062067	0.126776154195096	0.100376435264308	0.15853778745287	0.0943299835344574	0.0943299835344574	0.733677649712446	0.257712885992531	0.44611749006359	0.138548580697556	0.396585501331105	0.422587180650319	0.396353193148308	0.056984812031279	0.306930110272876	0.089655391058229	1.2188332508165	0.056984812031279	0.218833250816504	0.0880968594563716	0.0880968594563716	0.0713420043537913	0.056984812031279	0.218833250816504
"Chrysomya_megacephala"	0.56984812031279	0.193047080602117	0.225989446116136	2.67401257434118	0.37681858852448	0.118161872344064	0.233682945596838	0.0376986109067096	0.181541680513524	0.0575530529704654	0.0342440665174269	0.0342440665174269	0.266342739579987	0.173804216944379	0.80685191339344	0.650890628217429	0.125631703457081	0.125662036355699	0.279726019422124	0.481322263381413	0.0908832289486994	0.0347484745083811	0.056984812031279	1.48132226338141	0.056984812031279	0.0338984169174204	0.0338984169174204	0.0258988738367094	0.481322263381413	0.056984812031279
"Miridae_sp1_M_PL_079"	2.18833250816504	0.49808550587905	0.587312396375811	0.316582289062661	0.181252819258392	0.21323594147895	0.177690301062067	0.126776154195096	0.100376435264308	0.15853778745287	0.0943299835344574	0.0943299835344574	0.733677649712446	0.257712885992531	0.44611749006359	0.138548580697556	0.396585501331105	0.422587180650319	0.396353193148308	0.056984812031279	0.306930110272876	0.089655391058229	0.218833250816504	0.056984812031279	1.2188332508165	0.0880968594563716	0.0880968594563716	0.0713420043537913	0.056984812031279	0.218833250816504
"Orthellia_albigena"	0.880968594563717	0.58877258465224	2.04268344659281	0.188324538430113	0.0983871837267372	0.174060472364539	0.214260803587829	0.0797572293262089	0.0616211204355748	0.186304169672782	0.110850980955305	0.110850980955305	0.862174296319039	0.508798943840847	0.273871646380332	0.0781726495944522	0.500478441682696	0.265857431087363	0.210698304697446	0.0338984169174204	0.394499376445293	0.105979065237403	0.0880968594563716	0.0338984169174204	0.0880968594563716	1.30640251698892	0.306402516988921	0.0838368763527517	0.0338984169174204	0.0880968594563716
"Pachycerina_crinicornis"	0.880968594563717	0.58877258465224	2.04268344659281	0.188324538430113	0.0983871837267372	0.174060472364539	0.214260803587829	0.0797572293262089	0.0616211204355748	0.186304169672782	0.110850980955305	0.110850980955305	0.862174296319039	0.508798943840847	0.273871646380333	0.0781726495944522	0.500478441682696	0.265857431087363	0.210698304697446	0.0338984169174204	0.394499376445293	0.105979065237403	0.0880968594563716	0.0338984169174204	0.0880968594563716	0.306402516988921	1.30640251698892	0.0838368763527517	0.0338984169174204	0.0880968594563716
"Phalanta_phalantha"	0.713420043537913	0.480996190070488	0.558912509018345	0.143882632426164	0.105444305080757	0.272590796913666	0.106443428013072	0.0648991720136216	0.0409487080616755	1.84899740645089	0.200153456838281	0.200153456838281	1.55674910874219	0.218315733171322	0.181994258051891	0.0733488111230501	0.241758194919231	0.216330573378739	0.241457800251281	0.0258988738367094	0.155178880706543	0.0865793142126878	0.0713420043537913	0.0258988738367094	0.0713420043537913	0.0838368763527517	0.0838368763527517	1.8320488329029	0.0258988738367094	0.0713420043537913
"Phorinia_sp1_M_PL_079"	0.56984812031279	0.193047080602117	0.225989446116136	2.67401257434118	0.37681858852448	0.118161872344064	0.233682945596838	0.0376986109067097	0.181541680513524	0.0575530529704654	0.0342440665174269	0.0342440665174269	0.266342739579987	0.173804216944379	0.80685191339344	0.650890628217429	0.125631703457081	0.125662036355699	0.279726019422124	0.481322263381413	0.0908832289486994	0.0347484745083811	0.056984812031279	0.481322263381413	0.056984812031279	0.0338984169174204	0.0338984169174204	0.0258988738367094	1.48132226338141	0.056984812031279
"Stomorhina_lunata"	2.18833250816504	0.49808550587905	0.587312396375811	0.316582289062661	0.181252819258392	0.21323594147895	0.177690301062067	0.126776154195096	0.100376435264308	0.15853778745287	0.0943299835344573	0.0943299835344573	0.733677649712446	0.257712885992531	0.44611749006359	0.138548580697556	0.396585501331105	0.422587180650319	0.396353193148308	0.056984812031279	0.306930110272876	0.089655391058229	0.218833250816504	0.056984812031279	0.218833250816504	0.0880968594563716	0.0880968594563716	0.0713420043537913	0.056984812031279	1.2188332508165
