"Ficus_sp1_M_SD_018"	"Ficus_sp3_M_SD_018"	"Dysoxylum_sp2_M_SD_018"	"Elmerillia_tsiampaca"	"Piper_sp2_M_SD_018"	"Elaeocarpus_sp1_M_SD_018"	"Psychotriasp._sp1_M_SD_018"	"Rhus_sp1_M_SD_018"	"Aglaia_sp1_M_SD_018"	"Ficus_dammaropsis"	"Gynotroches_sp1_M_SD_018"	"Myristica_subaluata"	"Symplocos_sp1_M_SD_018"	"Dracantomelon_sp1_M_SD_018"	"Dysoxylum_sp1_M_SD_018"	"Eurya_sp1_M_SD_018"	"Ficus_sp2_M_SD_018"	"Ficus_sp4_M_SD_018"	"Ficus_sp5_M_SD_018"	"Heritiera_sp1_M_SD_018"	"Musa_sp1_M_SD_018"	"Myristica_fatua"	"Osmoxylum_sp1_M_SD_018"	"Pandanus_limbatus"	"Piper_sp1_M_SD_018"	"Poikilospermum_sp1_M_SD_018"	"Schefflera_sp1_M_SD_018"	"Sloanea_sp1_M_SD_018"	"Syzigium_sp1_M_SD_018"	"Manucodia_chalybata"	"Parasidea_raggiana"	"Meliphaga_sp1_M_SD_018"	"Rhyticeros_plicatus"	"Cicinnurus_magnificus"	"Oriolus_szalayi"	"Ailuroedus_buccoides"	"Coracina_boyeri"	"Coracina_schisticeps"	"Ducula_rufigaster"	"Ducula_zoeae"	"Melanocharis_nigra"	"Pitohui_kirhocephalus"	"Ptilinopus_pulchellus"	"Ptilinopus_rivoli"	"Cacatua_galerita"	"Coracina_melaena"	"Cracticus_cassicus"	"Cyclopsittaca_gulielmiterti"	"Dicrurus_hottentottus"	"Glycichaera_fallax"	"Gymnophaps_albertisii"	"Macropygia_amboinensis"	"Melilestes_megarhycus"	"Microdynamis_parva"	"Mino_dumonti"	"Parotia_lawesii"	"Philemon_buceroides"	"Ptilinopus_ornatus"	"Reinwardtoena_reinwardtii"	"Xanthotis_flaviventer"	"Xanthotis_polygramma"
"Ficus_sp1_M_SD_018"	2.09428710880176	0.403803422272557	0.444081437291503	0.281628242215448	0.344065457160712	0.136483548463564	0.158846047722975	0.0718858839650046	0.128249963024449	0.142653849215591	0.130268271639899	0.139131484986087	0.142653849215591	0.0297616717052567	0.083269439162455	0.0468391630756599	0.0297616717052567	0	0.0827832335667215	0	0.083269439162455	0.0297616717052567	0	0.0827832335667215	0.0827832335667215	0	0.031078574554495	0.031078574554495	0.0319494224362063	0.735850965037525	0.647651193485761	0.565860268555176	0.132274096467807	0.103595248514983	0.387795283874709	0.102876846827997	0.11852979845734	0.107557280132795	0.0709987165249029	0.099956719693319	0.104087029057022	0.0734833480531158	0.0928626474026836	0.100864958570272	0.0215657651895014	0.0666122155937254	0	0	0.0215657651895014	0	0.0422442363323172	0.0641942321470158	0.0641942321470158	0.0519175828636144	0.26926548541737	0.062609168243739	0.0476538143168924	0.0422442363323172	0	0.26926548541737	0.26926548541737
"Ficus_sp3_M_SD_018"	0.403803422272557	2.08765805067937	0.548046370350465	0.116455953742225	0.233703322094974	0.296989964980454	0.0457224158863978	0.371649015615448	0.0557410292264006	0.0410616361888074	0.0404921008275117	0.137546665831598	0.0410616361888074	0.15386742684716	0.0365926939304543	0.0318150741003241	0.15386742684716	0	0.0818402661698007	0	0.0365926939304543	0.15386742684716	0	0.0818402661698007	0.0818402661698007	0	0.00894569006473	0.00894569006473	0.0132113897102524	0.727469032620451	0.284609841681311	0.162877823548936	0.683855230431822	0.0298189668824334	0.402537716360674	0.131163587471231	0.35062013349706	0.171303945046706	0.029358643800561	0.042551856213214	0.070700164667387	0.379907882629125	0.357510167438626	0.035689838433714	0.111494704684634	0.0822069555525697	0	0	0.111494704684634	0	0.0174683930613338	0.0184777362849633	0.0184777362849633	0.26841317794449	0.0519175828636144	0.061895999624219	0.0137167247659193	0.0174683930613338	0	0.0519175828636144	0.0519175828636144
"Dysoxylum_sp2_M_SD_018"	0.51809501017342	0.639387432075542	1.89765125668242	0.25567236984475	0.321337067471842	0.321198138302418	0.06234046015611	0.113825015380481	0.127537596905221	0.0559856964061814	0.0634098737632584	0.151995180246543	0.0559856964061814	0.0471250063677151	0.0844533485673928	0.0437450461600322	0.0471250063677151	0	0.0904371322466931	0	0.0844533485673928	0.0471250063677151	0	0.0904371322466931	0.0904371322466931	0	0.0121970465522824	0.0121970465522824	0.0290048486798666	0.803885619970605	0.656859377746389	0.222076595744519	0.2094444727454	0.0406568218409413	0.433466859648658	0.154200113635657	0.366854644054933	0.381007129993088	0.0644552192885925	0.0957427740840618	0.0972112136889605	0.116354460166714	0.178566397043295	0.0668852986701789	0.0341475046141443	0.284647688502363	0	0	0.0341475046141443	0	0.0383508554767126	0.0251935633827816	0.0251935633827816	0.0822069555525697	0.0666122155937254	0.0683978311109444	0.018702138046833	0.0383508554767126	0	0.0666122155937254	0.0666122155937254
"Elmerillia_tsiampaca"	0.328566282584689	0.135865279365929	0.25567236984475	2.57798453973833	0.249561984235823	0.0761902227986934	0.0861095885673187	0.0241870057772314	0.359585547102722	0.0773318848003176	0.275895207383732	0.0442349751059693	0.0773318848003176	0.0100137285064971	0.112755517382083	0.0339739844085743	0.0100137285064971	0	0.0263198101880517	0	0.112755517382083	0.0100137285064971	0	0.0263198101880517	0.0263198101880517	0	0.0168475281979536	0.0168475281979536	0.292460430978719	0.233953868338238	0.876987357416203	0.306749809707926	0.0445054600288758	0.0561584273265122	0.0980634848703635	0.0677782240020562	0.0558192485380463	0.0612079223163206	0.649912068841597	0.548511177156975	0.0754977431301651	0.0247244947945032	0.0403254599009418	0.51085052428343	0.00725610173316941	0.0383508554767126	0	0	0.00725610173316941	0	0.38669768096075	0.0347993481601429	0.0347993481601429	0.0174683930613338	0.0422442363323172	0.0199057387976862	0.0258328765701956	0.38669768096075	0	0.0422442363323172	0.0422442363323172
"Piper_sp2_M_SD_018"	0.481691640024996	0.327184650932963	0.38560448096621	0.299474381082988	1.66925542104836	0.302803295226604	0.173656495179117	0.0582460587375165	0.135733100883221	0.155954572579565	0.141702183583628	0.143022712950413	0.155954572579565	0.0241146103053412	0.0880326272312668	0.227243174966247	0.0241146103053412	0	0.0850985142054957	0	0.0880326272312668	0.0241146103053412	0	0.0850985142054957	0.0850985142054957	0	0.0339762707959143	0.0339762707959143	0.0339739844085743	0.756431237382184	0.684698211798742	0.618619804565609	0.107176045801517	0.113254235986381	0.161839052410955	0.391306964356686	0.0999072701220268	0.148681660712913	0.0754977431301651	0.106001052559898	0.504984833258327	0.0595404155983502	0.132907586545076	0.108687139775081	0.017473817621255	0.0578406721449315	0	0	0.017473817621255	0	0.0449211571624482	0.0701795576608045	0.0701795576608045	0.0420665979770953	0.0619317822889281	0.0643602208276858	0.0520969485537352	0.0449211571624482	0	0.0619317822889281	0.0619317822889281
"Elaeocarpus_sp1_M_SD_018"	0.318461613081649	0.692976584954392	0.642396276604837	0.152380445597387	0.504672158711006	1.88963670386349	0.0639195212015452	0.123365062376496	0.0723808120117709	0.0574037936110333	0.0557253131992331	0.0981448999476551	0.0574037936110333	0.0510747073533264	0.0474380175015637	0.0687032686648596	0.0510747073533264	0	0.0583962154688548	0	0.0474380175015637	0.0510747073533264	0	0.0583962154688548	0.0583962154688548	0	0.0125059932785632	0.0125059932785632	0.0172868572736531	0.519077470834265	0.368962358345495	0.227701714657099	0.226998699348117	0.0416866442618773	0.226401495523931	0.657731999727029	0.185456430984862	0.663250452649774	0.0384152383858958	0.0554284322449049	0.152673930366355	0.126106508207085	0.655988000653184	0.0479334577792629	0.0370095187129488	0.0963594414907255	0	0	0.0370095187129488	0	0.022857066839608	0.025831707124965	0.025831707124965	0.0890969894941361	0.0409450645390692	0.0441652049764448	0.0191758563604636	0.022857066839608	0	0.0409450645390692	0.0409450645390692
"Psychotriasp._sp1_M_SD_018"	0.370640778020274	0.106685637068262	0.12468092031222	0.172219177134637	0.289427491965196	0.0639195212015452	2.18165025126145	0.0189923881374268	0.0495164375481808	0.278588351333809	0.222426161128783	0.0408891473849894	0.278588351333809	0.00786309063014484	0.0278645644880862	0.039401053528035	0.00786309063014484	0	0.0243290426940687	0	0.0278645644880862	0.00786309063014484	0	0.0243290426940687	0.0243290426940687	0	0.426844614377239	0.426844614377239	0.0195374696749379	0.216258157280611	0.216724390462893	1.10506712695744	0.0349470694673104	1.42281538125747	0.0800726771296447	0.0712728049141988	0.0324188628127523	0.0378779944072966	0.0434165992776396	0.048115273466877	0.0875578967289667	0.0194144412071474	0.0328925811263829	0.125924649078148	0.00569771644122804	0.018702138046833	0	0	0.00569771644122804	0	0.0258328765701956	0.125364758100214	0.125364758100214	0.0137167247659193	0.0476538143168924	0.0184001163232452	0.654495075378434	0.0258328765701956	0	0.0476538143168924	0.0476538143168924
"Rhus_sp1_M_SD_018"	0.167733729251677	0.867181036436046	0.227650030760962	0.0483740115544628	0.0970767645625275	0.123365062376496	0.0189923881374268	3.23130036033257	0.023153965986351	0.0170563719553508	0.016819795728351	0.0571347688838945	0.0170563719553508	0.063914161921128	0.0152000420941887	0.0132154923185962	0.063914161921128	0	0.0339951874859172	0	0.0152000420941887	0.063914161921128	0	0.0339951874859172	0.0339951874859172	0	0.00371590202688785	0.00371590202688785	0.00548780803348947	0.302179444319264	0.118222549621468	0.067656942089558	0.28406294187168	0.0123863400896262	0.16720797448828	0.0544833363342038	0.145642209298779	0.0711570233270932	0.0121951289633099	0.0176753864270274	0.0293677607079915	1.08088481278441	0.148504223397583	0.0148250098109274	0.969390108099772	0.0341475046141443	0	0	0.969390108099771	0	0.00725610173316941	0.00767536737990784	0.00767536737990784	0.111494704684634	0.0215657651895014	0.0257106459977525	0.00569771644122803	0.00725610173316941	0	0.0215657651895014	0.0215657651895014
"Aglaia_sp1_M_SD_018"	0.44887487058557	0.195093602292402	0.382612790715662	1.07875664130817	0.339332752208052	0.108571218017656	0.0742746563222713	0.0347309489795265	1.56372932750753	0.0667033632590949	0.141071566680204	0.0622659486330759	0.0667033632590949	0.0143790553099951	0.174258065398954	0.0461948788720205	0.0143790553099951	0	0.0370482394366802	0	0.174258065398954	0.0143790553099951	0	0.0370482394366802	0.0370482394366802	0	0.0145319979760966	0.0145319979760966	0.122379955106389	0.329317683881601	1.35534050865853	0.26459000759441	0.0639069124888669	0.0484399932536552	0.140187865120231	0.0936512608027462	0.0824753817592295	0.0899632840126462	0.271955455791975	0.865491693574613	0.102655286382268	0.0355027478457382	0.0576548285571771	0.225295701202317	0.010419284693858	0.0573919186073493	0	0	0.010419284693858	0	0.161813496196225	0.0300165134665927	0.0300165134665927	0.0250834631518803	0.0577124833610019	0.0280196768848841	0.0222823968966814	0.161813496196225	0	0.0577124833610018	0.0577124833610019
"Ficus_dammaropsis"	0.499288472254567	0.143715726660826	0.167957089218544	0.231995654400953	0.389886431448914	0.08610569041655	0.417882527000713	0.0255845579330261	0.0667033632590949	2.05595734430682	0.29962924957319	0.0550815807118948	0.375285075399252	0.0105923329022083	0.0375362255270639	0.053076976382121	0.0105923329022083	0	0.0327735405235774	0	0.0375362255270639	0.0105923329022083	0	0.0327735405235774	0.0327735405235774	0	0.0817596248479657	0.0817596248479657	0.0263188347429652	0.291320360209577	0.291948420766052	1.4886307990837	0.0470770351209257	0.272532082826552	0.107865531814761	0.0960112647857694	0.043671299667745	0.0510252705077466	0.0584862994288116	0.0648158616267356	0.117948836404713	0.0261531036648712	0.0443094434099283	0.169632510468079	0.00767536737990784	0.0251935633827816	0	0	0.00767536737990784	0	0.0347993481601429	0.168878283929664	0.925180804938067	0.0184777362849633	0.0641942321470158	0.0247867113203527	0.125364758100214	0.0347993481601429	0	0.0641942321470158	0.0641942321470158
"Gynotroches_sp1_M_SD_018"	0.455938950739645	0.141722352896291	0.190229621289775	0.827685622151197	0.354255458959069	0.0835879697988497	0.333639241693174	0.0252296935925265	0.141071566680204	0.29962924957319	1.54752123259091	0.0523274269373495	0.29962924957319	0.0104454145446766	0.0566357949322569	0.048226373404512	0.0104454145446766	0	0.0311348190277229	0	0.0566357949322569	0.0104454145446766	0	0.0311348190277229	0.0311348190277229	0	0.0652772429399689	0.0652772429399689	0.0938971083953039	0.276753946913093	0.440500627250887	1.18852935664032	0.0464240646430071	0.217590809799896	0.105376610803801	0.0888423735522874	0.0467558885658466	0.0536108341331212	0.208660240878453	0.187635048328771	0.107169718676693	0.0257903534501382	0.0432978363120352	0.820537397988591	0.00756890807775796	0.0285344431934663	0	0	0.00756890807775796	0	0.12415284332268	0.134833162307936	0.134833162307936	0.0182214453723803	0.0586207222379544	0.0235473421218073	0.100091772507952	0.12415284332268	0	0.0586207222379544	0.0586207222379544
"Myristica_subaluata"	0.486960197451303	0.481413330410593	0.455985540739629	0.132704925317908	0.357556782376032	0.147217349921483	0.0613337210774842	0.0857021533258418	0.0622659486330759	0.0550815807118948	0.0523274269373494	1.99423780067234	0.0550815807118948	0.0354817832240746	0.0406995115759192	0.0486757972646363	0.0354817832240746	0	0.186571491400041	0	0.0406995115759192	0.0354817832240746	0	0.186571491400041	0.186571491400041	0	0.012000075862986	0.012000075862986	0.0150547604352249	1.65841325688925	0.316551756701594	0.218490270157183	0.15769681432922	0.0400002528766201	0.192902998978902	0.108525425804131	0.130293830735163	0.112563036087389	0.0334550231893886	0.0479254156825703	0.108168438365859	0.0876066456219716	0.106061204600664	0.0434530809194935	0.0257106459977525	0.0683978311109444	0	0	0.0257106459977525	0	0.0199057387976862	0.0247867113203527	0.0247867113203527	0.061895999624219	0.062609168243739	0.897407010302552	0.0184001163232452	0.0199057387976862	0	0.062609168243739	0.062609168243739
"Symplocos_sp1_M_SD_018"	0.499288472254567	0.143715726660826	0.167957089218544	0.231995654400953	0.389886431448914	0.08610569041655	0.417882527000713	0.0255845579330261	0.0667033632590949	0.375285075399252	0.29962924957319	0.0550815807118948	2.05595734430682	0.0105923329022083	0.0375362255270639	0.053076976382121	0.0105923329022083	0	0.0327735405235774	0	0.0375362255270639	0.0105923329022083	0	0.0327735405235774	0.0327735405235774	0	0.0817596248479657	0.0817596248479657	0.0263188347429652	0.291320360209577	0.291948420766052	1.4886307990837	0.0470770351209257	0.272532082826552	0.107865531814761	0.0960112647857694	0.043671299667745	0.0510252705077466	0.0584862994288116	0.0648158616267356	0.117948836404713	0.0261531036648712	0.0443094434099283	0.169632510468079	0.00767536737990784	0.0251935633827816	0	0	0.00767536737990784	0	0.0347993481601429	0.925180804938067	0.168878283929664	0.0184777362849633	0.0641942321470158	0.0247867113203527	0.125364758100214	0.0347993481601429	0	0.0641942321470158	0.0641942321470158
"Dracantomelon_sp1_M_SD_018"	0.208331701936797	1.07707198793012	0.282750038206291	0.0600823710389824	0.120573051526706	0.153224122059979	0.0235892718904345	0.191742485763384	0.0287581106199901	0.0211846658044166	0.0208908290893532	0.0709635664481492	0.0211846658044166	1.59530739856446	0.0188790331743108	0.0164141465103583	0.595307398564458	0	0.0422233220366488	0	0.0188790331743108	0.595307398564458	0	0.0422233220366488	0.0422233220366488	0	0.00461529232638937	0.00461529232638937	0.0068160673027417	0.375318418103545	0.146836924689084	0.0840325076908523	2.64581066028648	0.0153843077546312	0.207678694428119	0.0676703858928008	0.180893189893388	0.0883797423489374	0.0151468162283149	0.0219535054348429	0.0364758811341296	0.196003429891459	0.184447920780438	0.0184132287460563	0.0575227457290152	0.0424125057309436	0	0	0.0575227457290152	0	0.00901235565584736	0.00953309961198745	0.00953309961198745	0.138480684162444	0.026785504534731	0.0319336049016671	0.00707678156713036	0.00901235565584736	0	0.026785504534731	0.026785504534731
"Dysoxylum_sp1_M_SD_018"	0.582886074137185	0.25614885751318	0.506720091404357	0.676533104292499	0.440163136156334	0.142314052504691	0.0835936934642586	0.0456001262825661	0.348516130797908	0.0750724510541278	0.113271589864514	0.0813990231518385	0.0750724510541278	0.0188790331743108	1.23227562977159	0.0599213681154001	0.0188790331743108	0	0.0484324187753439	0	0.232275629771588	0.0188790331743108	0	0.0484324187753439	0.0484324187753439	0	0.0163552878517028	0.0163552878517028	0.0767495538483087	0.430510389114168	1.8065882315568	0.297787389181373	0.083906814108048	0.0545176261723426	0.183883933494272	0.121923580259547	0.108941438248062	0.118702229462061	0.170554564107353	0.258312224502933	0.133158595812	0.0466134624221787	0.0756276402888161	0.152452181082906	0.0136800378847698	0.0760080137106535	0	0	0.0136800378847698	0	0.101479965643875	0.0337826029743575	0.0337826029743575	0.0329334245374088	0.0749424952462095	0.0366295604183273	0.0250781080392776	0.101479965643875	0	0.0749424952462095	0.0749424952462095
"Eurya_sp1_M_SD_018"	0.327874141529619	0.222705518702269	0.262470276960193	0.203843906451446	1.13621587483124	0.206109805994579	0.118203160584105	0.0396464769557885	0.092389757744041	0.106153952764242	0.0964527468090239	0.0973515945292727	0.106153952764242	0.0164141465103583	0.0599213681154001	1.8353503964056	0.0164141465103583	0	0.0579241987449172	0	0.0599213681154001	0.0164141465103583	0	0.0579241987449172	0.0579241987449172	0	0.0231267053316727	0.0231267053316727	0.0231251490512144	0.514881766621487	0.466055085342001	0.421077345964827	0.0729517622682592	0.0770890177722425	0.110159355002415	0.266351799267996	0.0680041082343207	0.101203483342403	0.0513892201138098	0.0721519769525353	1.85633421423466	0.0405275097770283	0.0904665084886654	0.0739803220317776	0.0118939430867366	0.039370541544029	0	0	0.0118939430867366	0	0.0305765859677169	0.0477692787439089	0.0477692787439089	0.0286335666902917	0.0421552467680939	0.0438082175381727	0.0354609481752316	0.0305765859677169	0	0.0421552467680939	0.0421552467680939
"Ficus_sp2_M_SD_018"	0.208331701936797	1.07707198793012	0.282750038206291	0.0600823710389824	0.120573051526706	0.153224122059979	0.0235892718904345	0.191742485763384	0.0287581106199901	0.0211846658044166	0.0208908290893532	0.0709635664481492	0.0211846658044166	0.595307398564458	0.0188790331743108	0.0164141465103583	1.59530739856446	0	0.0422233220366488	0	0.0188790331743108	0.595307398564458	0	0.0422233220366488	0.0422233220366488	0	0.00461529232638937	0.00461529232638937	0.0068160673027417	0.375318418103545	0.146836924689084	0.0840325076908523	2.64581066028648	0.0153843077546312	0.207678694428119	0.0676703858928008	0.180893189893388	0.0883797423489374	0.0151468162283149	0.0219535054348429	0.0364758811341296	0.196003429891459	0.184447920780438	0.0184132287460563	0.0575227457290152	0.0424125057309436	0	0	0.0575227457290152	0	0.00901235565584736	0.00953309961198745	0.00953309961198745	0.138480684162444	0.026785504534731	0.0319336049016671	0.00707678156713036	0.00901235565584736	0	0.026785504534731	0.026785504534731
"Ficus_sp4_M_SD_018"	0	0	0	0	0	0	0	0	0	0	0	0	0	0	0	0	0	5.26315789473684	0	0	0	0	0	0	0	0	0	0	0	0	0	0	0	0	0	0	0	0	0	0	0	0	0	0	0	0	0	4.73684210526316	0	0	0	0	0	0	0	0	0	0	0	0	0
"Ficus_sp5_M_SD_018"	0.579482634967051	0.572881863188605	0.542622793480159	0.15791886112831	0.425492571027478	0.175188646406564	0.0729871280822061	0.101985562457752	0.0740964788733603	0.0655470810471548	0.0622696380554458	0.373142982800081	0.0655470810471548	0.0422233220366488	0.0484324187753439	0.0579241987449172	0.0422233220366488	0	1.22202007476605	0	0.0484324187753439	0.0422233220366488	0	0.222020074766048	0.222020074766048	0	0.0142800902769534	0.0142800902769534	0.0179151649179176	1.97351177569821	0.376696590474897	0.260003421487047	0.187659209051772	0.0476003009231779	0.229554568784894	0.129145256706915	0.155049658574844	0.133950012943993	0.0398114775953724	0.0570312446622587	0.128720441655372	0.104251908290146	0.12621283347479	0.0517091662941972	0.0305956687373255	0.0813934190220238	0	0	0.0305956687373255	0	0.0236878291692466	0.0294961864712197	0.0294961864712197	0.0736562395528207	0.0745049102100494	0.167914342260037	0.0218961384246618	0.0236878291692466	0	0.0745049102100494	0.0745049102100494
"Heritiera_sp1_M_SD_018"	0	0	0	0	0	0	0	0	0	0	0	0	0	0	0	0	0	0	0	5.26315789473684	0	0	0	0	0	0	0	0	0	0	0	0	0	0	0	0	0	0	0	0	0	0	0	0	0	0	4.73684210526316	0	0	0	0	0	0	0	0	0	0	0	0	0	0
"Musa_sp1_M_SD_018"	0.582886074137185	0.25614885751318	0.506720091404357	0.676533104292499	0.440163136156334	0.142314052504691	0.0835936934642586	0.0456001262825661	0.348516130797908	0.0750724510541278	0.113271589864514	0.0813990231518385	0.0750724510541278	0.0188790331743108	0.232275629771588	0.0599213681154001	0.0188790331743108	0	0.0484324187753439	0	1.23227562977159	0.0188790331743108	0	0.0484324187753439	0.0484324187753439	0	0.0163552878517028	0.0163552878517028	0.0767495538483087	0.430510389114168	1.8065882315568	0.297787389181373	0.083906814108048	0.0545176261723426	0.183883933494272	0.121923580259547	0.108941438248062	0.118702229462061	0.170554564107353	0.258312224502933	0.133158595812	0.0466134624221787	0.0756276402888161	0.152452181082906	0.0136800378847698	0.0760080137106535	0	0	0.0136800378847698	0	0.101479965643875	0.0337826029743575	0.0337826029743575	0.0329334245374088	0.0749424952462095	0.0366295604183273	0.0250781080392776	0.101479965643875	0	0.0749424952462095	0.0749424952462095
"Myristica_fatua"	0.208331701936797	1.07707198793012	0.282750038206291	0.0600823710389824	0.120573051526706	0.153224122059979	0.0235892718904345	0.191742485763384	0.0287581106199901	0.0211846658044166	0.0208908290893532	0.0709635664481492	0.0211846658044166	0.595307398564458	0.0188790331743108	0.0164141465103583	0.595307398564458	0	0.0422233220366488	0	0.0188790331743108	1.59530739856446	0	0.0422233220366488	0.0422233220366488	0	0.00461529232638937	0.00461529232638937	0.0068160673027417	0.375318418103545	0.146836924689084	0.0840325076908523	2.64581066028648	0.0153843077546312	0.207678694428119	0.0676703858928008	0.180893189893388	0.0883797423489374	0.0151468162283149	0.0219535054348429	0.0364758811341296	0.196003429891459	0.184447920780438	0.0184132287460563	0.0575227457290152	0.0424125057309436	0	0	0.0575227457290152	0	0.00901235565584736	0.00953309961198745	0.00953309961198745	0.138480684162444	0.026785504534731	0.0319336049016671	0.00707678156713036	0.00901235565584736	0	0.026785504534731	0.026785504534731
"Osmoxylum_sp1_M_SD_018"	0	0	0	0	0	0	0	0	0	0	0	0	0	0	0	0	0	0	0	0	0	0	5.26315789473684	0	0	0	0	0	0	0	0	0	0	0	0	0	0	0	0	0	0	0	0	0	0	0	0	0	0	0	0	0	0	0	0	0	0	0	4.73684210526316	0	0
"Pandanus_limbatus"	0.579482634967051	0.572881863188605	0.542622793480159	0.15791886112831	0.425492571027478	0.175188646406564	0.0729871280822061	0.101985562457752	0.0740964788733603	0.0655470810471548	0.0622696380554458	0.373142982800081	0.0655470810471548	0.0422233220366488	0.0484324187753439	0.0579241987449172	0.0422233220366488	0	0.222020074766048	0	0.0484324187753439	0.0422233220366488	0	1.22202007476605	0.222020074766048	0	0.0142800902769534	0.0142800902769534	0.0179151649179176	1.97351177569821	0.376696590474897	0.260003421487047	0.187659209051772	0.0476003009231779	0.229554568784894	0.129145256706915	0.155049658574844	0.133950012943993	0.0398114775953724	0.0570312446622587	0.128720441655372	0.104251908290146	0.12621283347479	0.0517091662941972	0.0305956687373255	0.0813934190220238	0	0	0.0305956687373255	0	0.0236878291692466	0.0294961864712197	0.0294961864712197	0.0736562395528207	0.0745049102100494	0.167914342260037	0.0218961384246618	0.0236878291692466	0	0.0745049102100494	0.0745049102100494
"Piper_sp1_M_SD_018"	0.579482634967051	0.572881863188605	0.542622793480159	0.15791886112831	0.425492571027478	0.175188646406564	0.0729871280822061	0.101985562457752	0.0740964788733603	0.0655470810471548	0.0622696380554458	0.373142982800081	0.0655470810471548	0.0422233220366488	0.0484324187753439	0.0579241987449172	0.0422233220366488	0	0.222020074766048	0	0.0484324187753439	0.0422233220366488	0	0.222020074766048	1.22202007476605	0	0.0142800902769534	0.0142800902769534	0.0179151649179176	1.97351177569821	0.376696590474897	0.260003421487047	0.187659209051772	0.0476003009231779	0.229554568784894	0.129145256706915	0.155049658574844	0.133950012943993	0.0398114775953724	0.0570312446622587	0.128720441655372	0.104251908290146	0.12621283347479	0.0517091662941972	0.0305956687373255	0.0813934190220238	0	0	0.0305956687373255	0	0.0236878291692466	0.0294961864712197	0.0294961864712197	0.0736562395528207	0.0745049102100494	0.167914342260037	0.0218961384246618	0.0236878291692466	0	0.0745049102100494	0.0745049102100494
"Poikilospermum_sp1_M_SD_018"	0	0	0	0	0	0	0	0	0	0	0	0	0	0	0	0	0	0	0	0	0	0	0	0	0	5.26315789473684	0	0	0	0	0	0	0	0	0	0	0	0	0	0	0	0	0	0	0	0	0	0	0	4.73684210526316	0	0	0	0	0	0	0	0	0	0	0
"Schefflera_sp1_M_SD_018"	0.217550021881465	0.06261983045311	0.0731822793136944	0.101085169187722	0.169881353979571	0.0375179798356896	1.28053384313172	0.0111477060806636	0.0290639959521931	0.163519249695931	0.130554485879938	0.0240001517259721	0.163519249695931	0.00461529232638937	0.0163552878517028	0.0231267053316727	0.00461529232638937	0	0.0142800902769534	0	0.0163552878517028	0.00461529232638937	0	0.0142800902769534	0.0142800902769534	0	1.83749575191708	0.837495751917075	0.0114676452439853	0.126934135795141	0.127207794402133	0.648626357127194	0.0205124103395083	2.79165250639025	0.0469991800543567	0.0418340376670297	0.0190284629553112	0.022232735847761	0.025483656097745	0.0282415735566452	0.0513926785148283	0.0113954328824561	0.0193065150089639	0.0739122940241303	0.00334431182419906	0.0109773418970542	0	0	0.00334431182419906	0	0.0151627753781583	0.0735836623631691	0.0735836623631691	0.008051121058257	0.0279707170990455	0.0108000682766874	0.384160152939515	0.0151627753781583	0	0.0279707170990455	0.0279707170990455
"Sloanea_sp1_M_SD_018"	0.217550021881465	0.06261983045311	0.0731822793136944	0.101085169187722	0.169881353979571	0.0375179798356896	1.28053384313172	0.0111477060806636	0.0290639959521931	0.163519249695931	0.130554485879938	0.0240001517259721	0.163519249695931	0.00461529232638937	0.0163552878517028	0.0231267053316727	0.00461529232638937	0	0.0142800902769534	0	0.0163552878517028	0.00461529232638937	0	0.0142800902769534	0.0142800902769534	0	0.837495751917075	1.83749575191708	0.0114676452439853	0.126934135795141	0.127207794402133	0.648626357127194	0.0205124103395083	2.79165250639025	0.0469991800543567	0.0418340376670297	0.0190284629553112	0.022232735847761	0.025483656097745	0.0282415735566452	0.0513926785148283	0.0113954328824561	0.0193065150089639	0.0739122940241303	0.00334431182419906	0.0109773418970542	0	0	0.00334431182419906	0	0.0151627753781583	0.0735836623631691	0.0735836623631691	0.008051121058257	0.0279707170990455	0.0108000682766874	0.384160152939515	0.0151627753781583	0	0.0279707170990455	0.0279707170990455
"Syzigium_sp1_M_SD_018"	0.223645957053444	0.092479727971767	0.1740290920792	1.75476258587231	0.169869922042871	0.0518605718209593	0.0586124090248135	0.0164634241004684	0.244759910212777	0.0526376694859305	0.187794216790608	0.0301095208704497	0.0526376694859305	0.0068160673027417	0.0767495538483087	0.0231251490512144	0.0068160673027417	0	0.0179151649179176	0	0.0767495538483087	0.0068160673027417	0	0.0179151649179176	0.0179151649179176	0	0.0114676452439853	0.0114676452439853	1.87974197402753	0.15924591038149	0.596940974375735	0.208796088960858	0.0302936324566298	0.0382254841466175	0.0667490947436928	0.0461347575140046	0.0379946145511072	0.0416625353581678	1.95498216450563	0.373356347476596	0.0513892201138098	0.0168292779693677	0.027448422285515	0.34772178543662	0.00493902723014053	0.02610436381188	0	0	0.00493902723014052	0	0.263214387880847	0.0236869512686687	0.0236869512686687	0.0118902507392272	0.0287544801925857	0.0135492843917024	0.0175837227074441	0.263214387880847	0	0.0287544801925857	0.0287544801925857
"Manucodia_chalybata"	0.643869594407834	0.636535403542895	0.602914214977954	0.175465401253678	0.472769523363865	0.194654051562849	0.081096808980229	0.113317291619724	0.0823294209704003	0.0728300900523942	0.0691884867282731	0.414603314222312	0.0728300900523942	0.0469148022629431	0.053813798639271	0.0643602208276858	0.0469148022629431	0	0.246688971962276	0	0.053813798639271	0.0469148022629431	0	0.246688971962276	0.246688971962276	0	0.0158667669743926	0.0158667669743926	0.0199057387976862	2.1927908618869	0.41855176719433	0.288892690541164	0.208510232279747	0.0528892232479755	0.255060631983215	0.14349472967435	0.172277398416494	0.148833347715548	0.0442349751059693	0.0633680496247319	0.143022712950413	0.115835453655718	0.140236481638655	0.0574546292157747	0.0339951874859172	0.0904371322466931	0	0	0.0339951874859172	0	0.0263198101880517	0.0327735405235774	0.0327735405235774	0.0818402661698007	0.0827832335667216	0.186571491400041	0.0243290426940687	0.0263198101880518	0	0.0827832335667215	0.0827832335667216
"Parasidea_raggiana"	0.647651193485761	0.284609841681311	0.563022323782619	0.751703449213888	0.489070151284816	0.158126725005212	0.092881881626954	0.050666806980629	0.387240145331009	0.0834138345045864	0.125857322071682	0.0904433590575983	0.0834138345045864	0.020976703527012	0.258084033079542	0.0665792979060001	0.020976703527012	0	0.053813798639271	0	0.258084033079542	0.020976703527012	0	0.053813798639271	0.053813798639271	0	0.0181725420574475	0.0181725420574475	0.0852772820536764	0.47834487679352	2.00732025728533	0.330874876868193	0.0932297934533867	0.0605751401914917	0.204315481660302	0.13547064473283	0.121046042497847	0.131891366068956	0.189505071230392	0.287013582781037	0.147953995346667	0.051792736024643	0.0840307114320179	0.16939131231434	0.0152000420941887	0.0844533485673928	0	0	0.0152000420941887	0	0.112755517382083	0.0375362255270639	0.0375362255270639	0.0365926939304543	0.083269439162455	0.0406995115759192	0.0278645644880862	0.112755517382083	0	0.083269439162455	0.083269439162455
"Meliphaga_sp1_M_SD_018"	0.660170313314372	0.190024127473759	0.222076595744519	0.306749809707927	0.515516503804675	0.113850857328549	0.552533563478721	0.033828471044779	0.0881966691981366	0.496210266361233	0.39617645221344	0.0728300900523942	0.496210266361233	0.0140054179484754	0.0496312315302289	0.0701795576608044	0.0140054179484754	0	0.0433339035811746	0	0.0496312315302289	0.0140054179484754	0	0.0433339035811746	0.0433339035811746	0	0.108104392854532	0.108104392854532	0.0347993481601429	0.385190254054885	0.386020689679558	1.96830072323289	0.0622463019932239	0.360347976181775	0.142622203177295	0.126948227883406	0.0577431628940183	0.0674667465602427	0.0773318848003176	0.0857009725953504	0.155954572579565	0.0345802148457741	0.0585869307309052	0.224291874952237	0.0101485413134337	0.0333114893616779	0	0	0.0101485413134337	0	0.046012471456189	0.223294619862555	0.223294619862555	0.0244316735323404	0.0848790402832764	0.0327735405235774	0.165760069043616	0.046012471456189	0	0.0848790402832764	0.0848790402832764
"Rhyticeros_plicatus"	0.231479668818663	1.19674665325569	0.314166709118101	0.0667581900433138	0.133970057251896	0.170249024511088	0.0262103021004828	0.21304720640376	0.0319534562444335	0.0235385175604628	0.0232120323215035	0.0788484071646102	0.0235385175604628	0.66145266507162	0.020976703527012	0.0182379405670648	0.66145266507162	0	0.0469148022629431	0	0.020976703527012	0.66145266507162	0	0.0469148022629431	0.0469148022629431	0	0.00512810258487707	0.00512810258487707	0.00757340811415745	0.417020464559494	0.163152138543427	0.0933694529898359	2.93978962254053	0.0170936752829236	0.230754104920132	0.0751893176586676	0.200992433214875	0.0981997137210415	0.0168297958092388	0.0243927838164921	0.0405287568156995	0.217781588768288	0.204942134200486	0.0204591430511737	0.063914161921128	0.0471250063677151	0	0	0.063914161921128	0	0.0100137285064971	0.0105923329022083	0.0105923329022083	0.15386742684716	0.0297616717052567	0.0354817832240746	0.00786309063014484	0.0100137285064971	0	0.0297616717052567	0.0297616717052567
"Cicinnurus_magnificus"	0.241722246534961	0.0695775893923445	0.0813136436818826	0.112316854653024	0.188757059977301	0.0416866442618773	1.42281538125747	0.0123863400896262	0.0322933288357701	0.181688055217702	0.145060539866597	0.0266668352510801	0.181688055217701	0.00512810258487707	0.0181725420574475	0.0256963392574141	0.00512810258487707	0	0.0158667669743926	0	0.0181725420574475	0.00512810258487707	0	0.0158667669743926	0.0158667669743926	0	0.930550835463417	0.930550835463417	0.0127418280488725	0.141037928661268	0.141341993780147	0.720695952363549	0.0227915670438981	3.10183611821139	0.0522213111715074	0.0464822640744774	0.0211427366170124	0.0247030398308456	0.0283151734419389	0.0313795261740502	0.057102976127587	0.0126615920916179	0.0214516833432932	0.0821247711379225	0.00371590202688785	0.0121970465522824	0	0	0.00371590202688785	0	0.0168475281979537	0.0817596248479657	0.0817596248479657	0.00894569006473	0.031078574554495	0.012000075862986	0.426844614377239	0.0168475281979537	0	0.031078574554495	0.031078574554495
"Oriolus_szalayi"	0.904855662374322	0.93925467150824	0.866933719297316	0.196126969740727	0.269731754018258	0.226401495523931	0.0800726771296447	0.16720797448828	0.0934585767468209	0.0719103545431738	0.0702510738692006	0.128601999319268	0.0719103545431738	0.0692262314760396	0.0612946444980906	0.0367197850008049	0.0692262314760396	0	0.0765181895949646	0	0.0612946444980906	0.0692262314760396	0	0.0765181895949646	0.0765181895949646	0	0.0156663933514522	0.0156663933514522	0.0222496982478976	0.680161685288574	0.476736123874038	0.285244406354589	0.307672139893509	0.0522213111715074	1.36713995796521	0.116472164380466	0.2508013728028	0.197960506551777	0.0494437738842169	0.0714754049971785	0.0815995222240108	0.170923707254686	0.188681763565381	0.0610320287022494	0.0501623923464841	0.130040057894597	0	0	0.050162392346484	0	0.0294190454611091	0.0323596595444282	0.0323596595444282	0.120761314908202	0.116338585162413	0.0578708996936707	0.0240218031388934	0.0294190454611091	0	0.116338585162413	0.116338585162413
"Ailuroedus_buccoides"	0.36006896389799	0.45907255614931	0.462600340906971	0.203334672006169	0.978267410891715	0.986597999590544	0.106909207371298	0.0817250045013057	0.0936512608027462	0.0960112647857695	0.0888423735522874	0.108525425804131	0.0960112647857695	0.0338351929464004	0.0609617901297737	0.133175899633998	0.0338351929464004	0	0.0645726283534577	0	0.0609617901297737	0.0338351929464004	0	0.0645726283534577	0.0645726283534577	0	0.0209170188335149	0.0209170188335149	0.0230673787570023	0.573978918697402	0.474147256564907	0.380844683650219	0.150378635317335	0.0697233961117162	0.174708246570699	1.47206753383767	0.1284136654981	0.365369451013209	0.0512608416822274	0.0726432681621611	0.295946443631107	0.0835411157124458	0.355003014239217	0.0704792688994547	0.0245175013503917	0.0693900511360456	0	0	0.0245175013503917	0	0.0305002008009253	0.0432050691535963	0.0432050691535963	0.0590236143620541	0.0462945810725988	0.0488364416118588	0.0320727622113895	0.0305002008009253	0	0.0462945810725988	0.0462945810725988
"Coracina_boyeri"	0.414854294600689	1.22717046723971	1.1005639321648	0.167457745614139	0.249768175305067	0.278184646477292	0.0486282942191285	0.218463313948168	0.0824753817592296	0.043671299667745	0.0467558885658466	0.130293830735163	0.043671299667745	0.0904465949466938	0.0544707191240312	0.0340020541171604	0.0904465949466938	0	0.0775248292874222	0	0.0544707191240312	0.0904465949466938	0	0.0775248292874222	0.0775248292874222	0	0.00951423147765558	0.00951423147765558	0.0189973072755536	0.689109593665975	0.423661148742465	0.173229488682055	0.40198486642975	0.0317141049255186	0.3762020592042	0.1284136654981	1.3228636498984	0.248539983767907	0.0422162383901191	0.0622325836337741	0.0755601202603564	0.223318054258127	0.241234454016865	0.0461588116967518	0.0655389941844505	0.16508458982472	0	0	0.0655389941844504	0	0.0251186618421208	0.0196520848504852	0.0196520848504852	0.157779060073677	0.0533384093058029	0.0586322238308235	0.0145884882657386	0.0251186618421208	0	0.0533384093058029	0.0533384093058029
"Coracina_schisticeps"	0.376450480464781	0.59956380766347	1.14302138997927	0.183623766948962	0.371704151782281	0.994875678974661	0.0568169916109449	0.10673553499064	0.0899632840126462	0.0510252705077466	0.0536108341331212	0.112563036087389	0.0510252705077466	0.0441898711744687	0.0593511147310304	0.0506017416712014	0.0441898711744687	0	0.0669750064719966	0	0.0593511147310304	0.0441898711744687	0	0.0669750064719966	0.0669750064719966	0	0.0111163679238805	0.0111163679238805	0.0208312676790839	0.595333390862192	0.461619781241348	0.202400239680728	0.196399427442083	0.0370545597462684	0.296940759827665	0.365369451013209	0.248539983767907	1.46991591218929	0.0462917059535198	0.068027042848035	0.112448314824892	0.10910743576821	0.375549478963416	0.0516684404022488	0.0320206604971919	0.17145320849689	0	0	0.0320206604971919	0	0.0275435650423443	0.022961371728486	0.022961371728486	0.0770867752710176	0.0484007760597576	0.0506533662393251	0.0170450974832835	0.0275435650423443	0	0.0484007760597576	0.0484007760597576
"Ducula_rufigaster"	0.24849550783716	0.102755253301963	0.193365657865778	1.94973620652479	0.188744357825413	0.0576228575788437	0.0651248989164595	0.0182926934449649	0.271955455791975	0.0584862994288116	0.208660240878453	0.0334550231893886	0.0584862994288116	0.00757340811415744	0.0852772820536763	0.0256946100569049	0.00757340811415744	0	0.0199057387976862	0	0.0852772820536763	0.00757340811415744	0	0.0199057387976862	0.0199057387976862	0	0.0127418280488725	0.0127418280488725	0.977491082252812	0.176939900423877	0.663267749306372	0.231995654400953	0.0336595916184775	0.0424727601629084	0.0741656608263254	0.0512608416822274	0.0422162383901191	0.0462917059535198	2.17220240500625	0.414840386085107	0.0570991334597887	0.0186991977437419	0.0304982469839055	0.386357539374023	0.00548780803348947	0.0290048486798666	0	0	0.00548780803348947	0	0.292460430978719	0.0263188347429653	0.0263188347429653	0.0132113897102524	0.0319494224362063	0.0150547604352248	0.0195374696749378	0.292460430978719	0	0.0319494224362063	0.0319494224362063
"Ducula_zoeae"	0.349848518926617	0.148931496746249	0.287228322252185	1.64553353147092	0.265002631399744	0.0831426483673573	0.0721729102003155	0.0265130796405411	0.865491693574613	0.0648158616267356	0.187635048328771	0.0479254156825703	0.0648158616267356	0.0109767527174215	0.129156112251467	0.0360759884762676	0.0109767527174215	0	0.0285156223311293	0	0.129156112251467	0.0109767527174215	0	0.0285156223311293	0.0285156223311293	0	0.0141207867783226	0.0141207867783226	0.186678173738298	0.253472198498927	1.00454753973363	0.257102917786051	0.0487855676329842	0.0470692892610753	0.107213107495768	0.0726432681621611	0.0622325836337741	0.0680270428480351	0.414840386085107	1.63630129182921	0.0801688632805947	0.0271022591881086	0.0440911298061535	0.331265801468586	0.00795392389216232	0.0430842483378278	0	0	0.00795392389216231	0	0.246830029720639	0.029167137732031	0.029167137732031	0.0191483352959463	0.0449805238619936	0.0215664370571566	0.0216518730600946	0.246830029720639	0	0.0449805238619936	0.0449805238619936
"Melanocharis_nigra"	0.364304601699577	0.247450576335854	0.291633641066882	0.226493229390495	1.26246208314582	0.229010895549532	0.13133684509345	0.0440516410619873	0.102655286382268	0.117948836404713	0.107169718676693	0.108168438365859	0.117948836404713	0.0182379405670648	0.0665792979060001	0.92816710711733	0.0182379405670648	0	0.0643602208276858	0	0.0665792979060001	0.0182379405670648	0	0.0643602208276858	0.0643602208276858	0	0.0256963392574142	0.0256963392574142	0.0256946100569049	0.572090851801652	0.517838983713334	0.467863717738696	0.0810575136313991	0.0856544641913805	0.122399283336016	0.295946443631107	0.0755601202603564	0.112448314824892	0.0570991334597887	0.0801688632805947	2.06259357137184	0.0450305664189203	0.100518342765184	0.0822003578130863	0.0132154923185962	0.0437450461600322	0	0	0.0132154923185962	0	0.0339739844085743	0.053076976382121	0.053076976382121	0.0318150741003241	0.0468391630756599	0.0486757972646363	0.0394010535280351	0.0339739844085743	0	0.0468391630756599	0.0468391630756599
